0 0 0 0
1000 18
1516
12464
11452
4417
12453
9931
21976
10473
4350
28436
9024
10016
22344
31912
28532
8440
5794
24376
28716
1754
2332
1699
15258
9409
24348
25802
13039
29349
7681
24992
30240
18747
20999
21888
17642
20187
5994
32196
28948
12481
16079
8083
17908
31865
4319
19706
2356
11669
30005
62
30934
17313
122
369
27254
29785
11726
19012
28623
19993
18282
23580
9345
24212
17028
15464
2322
12745
4723
2865
3890
15667
14100
26610
15171
2880
2668
6315
32536
15109
4495
10033
12797
10288
21696
26824
18936
20286
729
9203
14927
16878
25582
18571
6986
16373
24365
28175
32570
18419
6152
3131
6330
13478
26263
8668
5685
14941
12087
15842
22185
22704
23928
7863
23466
5231
1590
23503
7337
3544
29957
19841
8054
18189
10451
10005
31236
11973
968
30494
8557
17217
12913
522
10805
24962
3614
10999
24019
5305
32392
24264
18797
31231
7863
13688
10724
3142
10531
15791
22800
27791
28442
9875
8269
31326
24417
15329
5174
20587
24606
26684
23984
31131
32757
12741
5163
29230
17010
25835
3364
18746
2983
24965
17646
30296
28438
15902
17587
14237
26065
13711
10678
3020
12255
4820
12762
7369
25826
3864
29032
11857
30711
22034
5645
25833
13022
9364
23330
30996
27739
13665
4912
10953
32219
28736
27316
2340
15451
3918
18463
25180
30854
11928
27937
28661
18973
31209
15655
4919
10908
27873
19747
13790
8987
22855
8331
8979
4466
10144
14244
27803
18592
1537
21248
12367
4206
31009
4165
20940
18511
946
17457
31851
12683
22514
13787
372
9372
18301
7996
26254
13784
25957
5869
14458
3409
3716
18226
30209
30202
19473
5688
10027
26635
17522
9115
29874
4774
11857
16171
21430
10426
31218
15600
6578
29992
9412
19052
3247
31268
27446
10527
17336
8158
19659
29265
27533
13922
5745
18443
17308
20157
26383
5991
26412
12130
25181
20489
14044
26572
1528
13550
30284
18276
21686
10853
29210
15268
19510
9562
16912
22909
22716
8154
31643
5622
15164
14036
26751
29207
5557
21789
5578
7685
4545
4023
20230
22382
21865
5971
22963
1831
14909
25364
1269
25108
31397
30870
24969
4425
18802
29999
13821
9582
1976
15477
801
22888
3296
28672
11449
26678
13561
5233
6772
31256
10575
1970
25890
27895
5951
11392
25633
31745
18761
28455
12056
2708
22119
1933
26600
5725
23453
7282
24800
5313
29650
11254
29489
16251
25054
23900
6561
5255
8420
8205
9091
3391
20194
15328
5094
20677
9606
13976
269
26016
30020
12975
2079
9898
22181
11090
10528
32553
1506
12716
7968
12860
7345
3943
2226
12665
7775
29296
29856
18132
2591
1531
9949
5570
26530
7368
10683
14239
487
20644
32606
30541
17493
15154
1905
28703
28167
11243
27927
5109
3943
32612
12581
23720
1534
31695
9358
11432
27274
22213
26399
8931
9553
18499
15980
26089
7350
20210
22794
10830
12810
2475
20990
30800
164
19002
2166
29882
4916
17762
8119
12553
852
1058
15191
18124
14176
31287
19372
16977
12936
26082
32388
8317
11043
23787
10262
25596
23366
10982
14393
1435
16278
25781
4052
17393
14426
21838
19094
5701
16597
10175
20711
18092
12498
29295
17950
30578
15488
1958
9972
6075
9856
12111
11320
2922
22589
11773
17861
2626
21628
15661
16818
31307
14388
22731
29640
18808
15775
1527
28985
2694
30097
30472
13454
22823
11017
12497
15842
18784
9477
5412
846
26160
15003
30357
17828
882
27974
6528
7520
26372
32126
17998
21467
3369
11659
20723
23746
3116
9882
14779
967
23367
13329
19271
8854
194
18720
22994
29451
27487
1176
1978
20898
31478
9985
13115
1071
31837
12007
29053
22735
7306
3956
15057
12574
5884
13636
11319
19882
9047
19828
549
28072
26190
764
12419
5862
27077
9791
15354
6657
24631
29409
14446
9944
14166
26585
4297
1344
15858
26055
31739
17914
24860
1927
17215
32738
17547
26886
15775
28008
14911
20564
9402
32324
23907
27899
9925
12646
21624
8592
22992
19244
32432
2951
29770
15320
4248
15691
28360
19009
25594
24207
29442
22217
32514
9950
15390
19086
5791
26234
19506
1765
4140
4451
6916
26884
18000
182
8724
13822
5411
24120
27100
757
29074
28211
31830
28042
4100
11137
24767
14489
24126
27110
1179
8484
21635
29347
13817
32652
25088
20295
4856
2311
30824
14025
4746
17742
31452
20692
2680
3222
5133
17250
22182
8642
14244
16012
1433
15575
21218
31392
11830
6576
28803
23669
21196
24307
21481
13307
30037
28995
20342
18710
16633
1719
23098
10925
27860
3723
10446
29694
15353
16662
19839
31796
16055
27644
9135
9275
14619
20133
2681
14035
21173
6894
12948
3811
29599
28190
890
30736
29372
22043
23497
32143
31038
14046
12521
6967
16235
9252
20975
1243
1696
870
20929
30678
29846
2572
23675
19175
13284
27614
31762
12352
32197
19899
4152
24025
28956
20621
32127
4106
23221
18556
22464
6745
21198
29794
3006
31377
21462
18815
19463
8724
11892
10095
17691
26993
32459
2136
23760
25145
1789
360
245
31503
4845
10111
18742
10751
18762
11304
28735
4369
3529
18126
26661
20765
22705
15917
3585
32480
10141
9734
16606
28240
27517
9495
24533
18477
6111
22346
29558
7641
14189
8237
1642
28521
10678
418
29015
22524
28209
19160
7684
21579
8318
13177
1470
22402
2544
14117
28410
8783
27721
17696
11835
4152
27076
6215
28214
20273
11865
19273
17204
13678
15932
32019
3513
10614
3495
6540
28771
20601
17881
6787
23828
30435
23391
21733
32084
26417
22930
9780
31216
8963
1889
5684
26087
12915
18768
16616
20615
32166
25793
7356
17108
25760
2162
28932
11305
2397
15944
4261
546
29
10827
11538
6072
23039
15089
21883
28590
15825
11935
30273
3629
807
4717
27820
3499
938
7722
736
31505
5811
4512
26637
15644
27417
30488
30951
2819
13127
28449
27734
13915
22417
27022
14446
19512
8904
28606
17313
20886
7435
25632
13875
7927
2273
23285
32751
8013
13957
28760
26137
30233
8577
16252
11683
20693
3198
24374
13731
26512
3931
1979
5637
28888
19324
17834
5757
3292
14949
24141
4544
27602
19079
18716
6388
13207
15961
25218
27493
26773
427
15332
5753
24042
26936
11488
20966
28871
4218
2514
27682
4885
18882
9117
23324
26975
21639
29864
17705
32748
19966
7974
5697
