1000 1000 1000000007
752 151 283 394 620 651 667 125 714 665 638 970 223 811 206 615 519 321 255 398 855 976 730 357 35 167 595 85 802 993 587 251 485 767 870 506 579 795 414 631 488 197 103 892 641 601 289 757 169 391 113 806 215 26 96 203 478 122 811 63 836 490 801 870 28 82 128 858 860 246 32 769 719 893 478 734 420 36 203 892 925 384 114 534 434 695 421 834 659 240 337 993 969 855 974 456 654 34 496 578 719 262 960 684 401 66 595 568 42 42 458 931 580 710 233 334 918 713 297 657 962 595 869 515 152 576 720 379 833 910 822 99 677 834 238 591 86 795 415 690 298 630 136 770 477 504 38 999 589 880 58 296 60 186 136 446 265 893 217 222 255 662 674 203 685 106 243 674 484 513 137 469 37 605 860 489 688 63 42 272 854 898 58 207 336 966 761 376 629 894 441 354 864 27 517 436 679 119 734 574 853 114 241 384 753 705 591 168 566 241 51 457 729 225 104 662 398 630 304 755 282 756 262 541 802 907 405 813 307 496 735 705 712 216 271 507 528 248 191 536 357 616 387 138 182 636 436 654 454 249 510 311 322 798 186 969 319 224 932 111 922 933 174 173 990 642 964 831 553 964 318 72 463 691 465 387 990 43 966 806 936 826 106 122 93 844 620 981 798 634 194 768 411 30 540 929 189 776 679 562 93 245 787 760 19 507 422 901 104 454 359 991 941 126 780 798 609 399 540 953 479 647 501 442 942 323 712 958 471 747 496 806 762 825 559 9 490 454 776 519 252 558 462 63 892 455 380 370 104 341 699 230 515 393 647 196 651 413 58 451 475 58 199 474 402 906 656 617 898 878 441 753 498 290 819 16 837 692 482 151 897 704 671 835 729 503 711 487 171 531 578 39 754 181 453 559 92 519 224 178 757 746 945 332 579 938 463 473 369 605 623 515 916 480 498 928 809 985 29 833 388 341 641 845 490 500 497 148 97 457 894 676 90 707 70 415 86 326 864 74 998 962 274 496 138 827 564 765 227 584 66 860 536 964 829 218 45 848 603 937 495 398 555 53 938 776 578 490 219 23 784 788 502 884 915 405 713 267 819 995 719 426 109 503 807 351 393 280 554 832 131 174 664 136 21 927 211 248 908 773 43 916 854 150 48 506 299 82 739 535 577 385 646 681 518 923 407 910 682 14 617 884 514 347 267 46 70 953 303 678 524 169 940 621 763 816 405 804 560 864 328 743 901 999 223 469 37 990 202 553 481 724 483 860 879 753 97 409 861 819 6 943 274 612 552 986 350 626 908 107 636 990 958 459 575 261 210 884 27 810 799 89 143 698 631 160 194 991 240 647 819 702 246 133 39 520 687 388 167 893 861 389 127 92 167 980 960 932 824 480 6 718 990 540 611 937 893 241 699 309 418 274 462 280 929 238 306 709 215 842 406 447 784 212 15 578 90 737 375 619 776 576 745 643 56 12 774 960 285 926 435 292 478 17 208 683 917 237 787 785 58 908 987 122 333 431 854 33 303 794 700 898 146 252 809 288 188 305 766 255 872 368 41 258 501 501 224 711 885 927 850 78 743 299 263 582 837 727 691 280 431 536 967 609 14 605 743 924 82 521 701 854 93 277 437 969 165 804 55 770 110 238 144 27 702 877 385 841 255 723 70 767 216 722 704 281 877 297 228 658 90 734 530 246 236 383 911 96 248 904 907 614 682 328 452 152 135 540 481 85 803 747 448 574 396 87 816 521 333 354 103 295 101 239 21 534 973 701 920 216 13 944 574 186 816 936 606 630 635 783 1000 857 322 471 735 78 971 458 894 489 576 272 400 661 882 292 543 134 601 31 871 536 421 788 207 750 712 355 438 404 753 967 300 109 722 991 957 237 419 504 442 209 806 681 896 490 481 6 559 687 783 830 732 512 206 973 591 83 122 955 365 538 505 258 535 506 85 820 210 438 862 355 573 210 933 639 638 841 506 516 437 143 55 617 47 120 90 314 644 335 599 30 818 848 899 530 824 647 571 861 884 54 83 562 486 611 607 193 570 103 589 406 945 952 33 800 785 168 688 771 504 868 302 783 149 710 608 182 392 428 2 858 125 46 74 485 773 596 923 999 556 214 267 340 684 185 942 531 352 633 81 320 154 58 959 795 855 917 639 463 174 729 852 955 20 495 748 373 642 765 521 746 21 213 3 903 885 595 108 635 319 434 763 154 19 39 682 100 334 444 960 979 89 7 936 729 601 152 671 472 733 703 162 616 179 204 878 645 452 373 54 
2 528 994
1 141
2 764 900
1 148
2 143 398
1 520
1 850
2 39 763
1 152
1 319
1 459
2 899 123
2 872 641
1 347
1 361
1 790
1 121
2 569 516
1 393
2 801 987
1 450
1 505
2 257 586
2 174 561
2 191 88
2 543 217
1 137
1 259
2 456 114
1 867
2 915 357
2 866 513
1 65
1 359
2 140 578
1 597
1 645
2 165 96
1 565
1 442
2 857 763
2 538 611
1 492
2 50 59
2 776 99
2 45 973
2 868 647
1 232
1 195
2 812 295
1 238
2 507 92
1 326
1 300
2 636 792
2 226 223
1 274
1 333
1 220
2 478 219
1 475
1 95
2 89 440
2 33 725
2 321 726
1 136
2 578 281
1 213
2 585 461
1 136
1 130
1 667
2 349 577
1 621
2 109 896
2 93 264
1 7
2 755 528
2 690 546
2 128 417
1 388
2 735 824
2 611 629
2 707 188
1 222
1 187
2 363 197
2 599 153
2 539 699
1 919
2 299 175
1 335
1 6
1 132
1 27
2 569 767
1 344
1 589
2 469 698
1 571
2 656 130
1 353
2 884 670
2 390 415
1 248
2 292 71
1 417
1 320
2 677 189
2 87 576
1 251
2 862 657
2 275 659
1 59
2 537 904
1 213
2 127 904
2 910 672
2 373 589
1 468
1 183
1 54
1 164
2 873 615
2 971 985
2 802 581
1 143
1 367
1 433
1 574
1 466
2 58 355
1 855
2 178 521
1 216
1 144
2 913 8
2 356 604
1 567
1 483
2 801 498
1 67
1 300
2 851 590
2 317 694
2 743 378
1 305
2 240 126
2 666 300
2 545 221
2 80 175
2 868 313
1 7
2 647 947
2 309 240
1 321
1 241
2 751 680
2 779 435
2 74 846
2 212 475
2 253 427
2 372 166
1 278
2 658 501
2 174 196
2 732 604
2 542 572
1 176
2 773 512
1 170
1 244
2 567 518
1 555
2 264 639
1 201
1 53
1 658
2 991 788
2 304 399
2 154 621
2 877 226
1 554
2 134 913
1 125
2 831 411
2 776 900
2 862 684
2 860 45
2 185 686
1 126
1 349
1 639
2 426 192
1 157
2 397 754
1 85
1 134
2 872 567
1 373
1 293
1 631
2 16 845
2 848 505
2 55 90
2 670 981
1 236
1 60
1 976
1 19
2 53 655
2 971 838
2 745 668
2 164 269
2 479 109
1 25
1 81
2 801 696
2 287 505
2 515 197
1 139
2 765 328
2 935 345
2 479 428
2 851 88
1 197
2 590 717
2 370 672
2 682 730
1 887
2 277 637
1 135
1 309
1 280
1 593
2 248 618
2 528 486
1 443
1 38
2 262 907
2 319 47
2 358 181
1 840
2 16 468
1 191
2 113 315
1 27
1 189
1 470
1 26
1 112
2 292 977
2 432 764
1 121
2 869 966
2 26 691
1 96
2 861 287
2 852 600
2 406 83
2 798 268
2 594 801
2 103 845
1 32
1 550
1 749
2 639 935
1 90
2 631 647
2 229 624
1 802
2 652 203
1 260
1 551
2 104 496
1 142
1 171
1 37
2 380 53
2 345 428
2 428 829
1 240
2 585 505
2 974 399
2 802 84
2 864 100
2 55 192
1 184
2 246 984
2 301 478
2 234 506
1 721
1 214
1 641
1 29
1 198
1 363
2 796 159
1 179
2 52 696
1 691
1 609
1 261
1 548
2 800 573
2 321 139
2 929 314
1 42
2 431 103
2 942 989
2 936 461
1 328
1 264
1 435
2 311 844
2 59 259
1 403
2 636 765
2 645 882
2 105 86
2 809 37
1 299
2 254 640
2 742 21
2 977 632
2 988 642
1 286
1 96
2 265 111
1 243
2 280 761
2 863 976
2 352 743
2 844 105
2 428 711
1 295
1 654
2 566 545
2 336 454
1 510
2 722 74
2 547 786
2 992 26
2 2 818
1 292
2 925 313
1 22
2 713 513
1 237
2 753 591
1 126
1 330
1 64
1 115
2 314 216
2 19 748
2 659 479
2 469 254
1 509
1 31
1 489
2 310 449
1 114
2 373 380
2 613 563
1 150
2 575 840
2 475 339
2 189 364
2 808 395
2 153 715
1 242
1 20
1 306
2 256 611
2 505 360
1 481
1 949
2 711 560
1 163
1 26
2 432 349
1 294
1 411
2 666 772
2 622 650
1 41
1 55
1 360
1 347
2 390 367
1 180
1 235
2 937 759
1 732
2 106 608
1 483
2 782 900
1 2
1 747
2 223 382
2 152 298
2 200 136
2 975 481
2 332 194
1 551
2 867 349
2 266 841
2 732 924
2 670 208
1 107
2 39 96
1 706
2 16 788
2 293 569
2 116 31
2 962 687
2 268 349
1 365
1 595
1 47
1 215
2 295 593
1 423
1 87
2 275 714
2 521 440
2 556 81
2 323 559
1 546
1 454
1 221
2 664 721
1 409
1 321
1 368
1 597
1 272
1 419
2 985 833
2 23 599
2 138 841
1 770
1 95
1 841
2 282 31
1 254
2 452 872
1 444
2 48 373
2 313 730
2 321 254
1 325
2 593 787
1 68
1 340
2 908 526
2 603 989
1 502
1 278
2 982 51
1 182
2 444 180
2 249 666
1 641
1 761
1 639
1 387
2 690 848
1 15
2 419 287
2 960 267
2 29 27
2 485 506
1 582
1 195
2 648 110
2 483 513
2 393 376
2 234 14
1 282
1 63
1 249
1 620
2 454 833
1 94
2 620 630
2 624 551
2 252 95
2 676 546
2 111 840
1 197
1 556
1 290
1 873
1 317
2 681 856
1 259
2 573 652
2 8 924
1 176
1 94
2 870 664
2 182 27
2 104 527
2 826 631
1 316
1 121
2 437 579
1 752
1 522
1 424
2 771 265
2 199 477
1 27
2 809 495
1 143
1 587
1 202
1 88
2 460 762
1 45
1 778
2 332 509
1 388
2 4 73
1 462
2 256 196
2 113 307
2 489 795
2 653 911
1 74
2 606 903
1 116
2 145 409
1 445
1 78
2 399 206
1 233
2 290 806
1 508
2 799 706
2 292 867
2 221 453
1 225
2 604 707
1 226
2 579 192
2 301 31
1 573
1 223
2 76 383
2 72 550
2 323 500
2 342 138
2 774 775
2 639 480
1 414
2 100 735
2 442 318
1 450
1 264
1 534
2 989 669
1 46
1 47
2 212 10
2 456 752
2 511 730
2 636 150
1 754
1 343
2 960 309
2 253 745
1 18
2 967 432
1 76
1 457
1 51
2 159 632
2 423 760
2 101 6
1 298
1 358
2 24 553
1 16
1 920
1 715
1 349
1 6
1 277
2 705 635
1 210
2 950 541
2 788 955
2 223 791
1 328
2 732 901
2 772 353
2 803 579
1 129
2 277 878
2 85 472
1 21
1 54
2 345 678
2 174 51
1 527
2 311 715
2 7 72
1 683
2 756 413
1 256
1 150
2 40 813
1 509
2 600 983
2 382 814
1 611
1 581
2 640 613
1 893
1 728
2 494 521
1 559
2 641 685
1 466
2 999 669
1 777
2 722 758
2 698 106
1 477
1 356
2 105 203
2 387 529
2 450 488
1 81
2 141 753
2 294 403
2 622 870
1 875
1 47
1 782
2 214 52
2 442 223
1 337
2 667 907
1 86
2 946 178
1 808
2 675 378
1 99
2 321 160
2 869 255
1 126
2 62 708
1 3
2 830 633
2 972 488
1 548
2 947 282
1 68
1 176
2 706 622
1 823
2 572 602
2 371 690
1 742
2 685 333
1 248
1 68
1 746
2 456 861
1 318
1 667
2 429 213
1 56
2 358 44
2 641 922
2 837 197
1 616
2 35 49
1 576
2 523 48
1 341
1 650
2 122 758
1 16
1 148
2 794 349
1 90
2 55 83
2 79 934
1 223
1 120
1 441
1 418
2 215 905
1 638
2 450 919
2 948 224
1 59
1 148
1 170
2 53 95
1 751
1 302
1 532
2 841 455
2 731 925
2 823 761
1 602
2 932 782
1 153
2 947 330
2 617 360
2 13 95
2 871 221
2 140 664
2 95 614
1 777
1 761
1 494
2 310 921
2 577 921
2 969 453
1 156
1 29
2 379 177
2 784 198
1 527
2 35 380
1 70
2 219 82
1 48
2 746 224
1 231
2 94 500
2 458 425
2 998 814
2 790 846
1 430
1 693
1 871
1 386
2 496 793
2 460 87
2 192 955
1 572
2 971 489
2 308 971
1 789
2 488 373
1 573
1 295
2 151 724
1 171
1 297
1 175
1 339
2 276 921
2 484 489
1 791
1 115
1 504
1 169
1 242
2 831 649
2 327 511
1 104
2 684 172
1 67
2 298 824
1 105
1 468
2 435 208
2 458 317
1 18
1 212
2 729 140
1 899
2 241 309
2 323 315
2 306 462
1 589
2 54 571
2 384 686
2 28 985
2 228 375
2 224 884
1 159
2 857 420
1 524
2 174 173
1 14
2 990 401
1 546
1 94
2 710 402
1 57
2 163 856
2 199 913
1 341
1 584
1 462
2 423 946
1 188
2 959 237
1 366
2 536 167
2 315 498
1 269
2 733 319
1 185
2 101 82
2 867 742
2 451 155
1 96
2 260 32
1 434
1 205
1 522
1 315
1 61
2 813 757
1 510
2 794 467
1 404
1 545
2 218 428
2 711 776
2 802 119
1 663
2 993 841
1 160
2 966 426
1 269
1 150
2 635 862
2 205 202
1 279
1 306
2 575 853
1 482
1 366
1 839
2 443 613
1 132
2 209 800
1 834
1 587
1 164
1 146
2 312 509
1 418
1 394
1 164
1 180
1 72
2 386 454
2 269 577
1 687
2 46 101
2 651 375
2 754 660
1 570
1 588
2 766 62
1 30
1 41
1 42
1 267
1 458
2 609 497
1 929
2 158 398
2 853 77
1 257
1 90
1 166
1 419
1 247
2 415 790
2 704 845
2 702 478
2 731 460
1 220
1 21
1 214
1 723
2 99 46
2 235 711
2 64 406
1 434
2 819 714
2 966 75
1 734
2 743 771
1 266
1 176
2 325 198
2 813 247
2 959 811
2 324 47
2 375 552
2 281 141
2 134 116
1 72
1 282
2 87 850
2 462 706
1 508
2 871 638
2 339 312
1 19
2 341 586
2 631 424
2 313 444
2 941 263
2 654 309
1 658
1 559
1 164
1 479
1 651
1 279
2 5 777
2 779 590
2 710 251
2 316 387
2 559 546
1 49
1 48
1 365
2 721 200
2 675 709
2 675 96
1 74
1 197
1 451
2 339 544
1 217
2 890 438
2 905 889
1 431
1 109
1 665
1 426
1 175
1 65
1 89
2 2 212
2 97 77
2 244 723
2 819 877
1 52
1 375
2 636 342
1 480
2 343 202
2 126 276
2 100 629
2 798 368
2 632 261
2 907 509
2 337 163
1 458
2 72 452
1 207
2 821 344
2 745 309
1 434
1 309
2 408 536
1 387
1 85
1 1
1 97
2 192 182
1 26
2 520 106
1 226
1 275
2 233 353
1 626
1 128
1 551
1 672
2 4 70
2 312 402
2 165 95
2 536 168
2 926 325
1 676
2 645 487
1 306
2 981 477
1 8
1 401
1 28
