0
0
0
0
0
0
0
0
0
0
0
0
0
0
0
0
0
0
0
0
0
0
0
0
0
39800
0
14919
9944
0
0
0
0
0
0
0
0
0
29772
0
0
0
0
0
0
0
0
0
19808
0
0
49490
0
0
34622
79120
59328
133461
123550
64233
44460
69146
88884
153047
34552
14805
217096
39464
4932
142999
78880
83793
59136
123175
64038
24625
34468
73845
19688
9842
182040
4919
93442
103257
63908
132705
88452
314432
122800
284838
29460
63817
127608
39256
49060
49050
58848
39224
44118
191139
220500
44091
112654
78352
19584
112585
63622
176148
117408
332588
151590
34223
48880
127062
92834
43965
170940
131841
102522
117144
244000
126854
9756
170695
224296
92625
146220
87714
29232
253292
34090
0
14604
68138
92454
48650
9728
77808
68068
174996
97200
199219
257474
126282
67984
121375
97080
82501
519164
160083
315250
150319
126048
82399
53306
416670
440804
4843
101682
111343
145200
24195
145140
29022
19344
265925
4834
33831
115968
14493
82110
43461
101388
19308
14478
43425
395568
154336
43398
178377
101220
28914
240900
33719
81872
81855
43326
62569
28872
76976
19240
62517
264440
168245
9612
4805
389124
105666
76832
38408
249600
177563
43182
62361
28776
330855
302022
67102
33544
114984
114960
186771
67032
4787
57432
23925
71760
157839
382560
167335
148180
148149
38224
377383
71640
238750
52514
319791
14316
152672
100170
71535
166880
381360
76256
200130
42876
361988
104764
90459
199920
95180
14274
76112
28536
118875
23770
247156
23760
147281
137750
66486
199416
61711
28476
42705
80648
246636
222874
47410
14220
99519
75808
94740
80512
37880
33138
198786
156156
165585
179740
501274
56736
18908
122876
14175
217304
708450
203046
18884
377600
84942
132104
122642
381996
235750
183846
381753
259160
4711
65940
98889
51788
94140
103532
75280
169344
94060
37616
70515
75200
108077
98658
112728
169056
23475
9388
28158
492660
154803
89110
276651
112512
46870
295218
84330
210780
168588
32774
140430
9360
28074
23390
88863
4676
46750
37392
70095
84096
9342
65380
144739
37344
284687
223968
116625
167904
93260
102564
69915
181740
475218
60554
37256
158304
65170
214084
158202
111648
41859
120900
92980
60424
329937
83628
473790
111456
120718
4642
69615
37120
51029
51018
41733
101992
9270
166824
138990
37056
4631
199090
101838
92560
27762
27756
337625
36992
50853
263454
32347
60060
249426
175484
32319
87704
419965
32298
78421
156808
152163
161350
32263
161280
23035
239512
257880
4604
280783
156468
41409
4600
142569
4598
220656
64344
82710
215918
27558
142352
381053
45900
284518
9176
110088
105478
238420
123768
77911
4582
233631
73280
128212
233478
137310
59488
96075
187534
22865
36576
146272
50270
63966
59384
82206
4566
77605
13692
223587
100364
27366
255360
54708
132182
154938
214132
378065
4554
18212
40968
59163
4550
373018
163728
68205
122742
9090
68160
154462
22710
127148
45400
95319
31766
99814
4536
108840
40806
330909
63448
58903
27180
49819
90560
239931
194618
4525
67860
9046
63308
54252
45200
442862
9036
112925
18064
234780
67710
248215
324864
383435
9020
40581
22540
139717
139686
85595
112600
49533
220598
108024
13500
80982
125944
184377
328208
121365
319074
188706
8984
255987
116740
116714
157080
89740
22430
4485
183844
304844
94122
85139
26880
67185
308982
102971
80568
85025
40266
98406
13416
129659
219030
40221
35744
174213
361746
133950
62496
120501
187404
8922
26760
93639
40122
254049
115856
142560
204884
48983
22260
48961
106800
8898
115648
97834
66690
200025
79992
39987
8884
146553
182040
133170
448238
44370
155260
26610
53208
62062
44320
70896
17720
292314
146124
101821
84094
154875
141568
141536
70752
30947
17680
260721
154630
79506
273792
22075
141248
136803
57356
101453
105840
48499
17632
101361
17624
211440
140928
52836
57226
30807
145200
153965
118746
35176
70336
57135
26364
65895
87840
109775
109750
118503
17552
92127
166668
65775
43840
65745
92022
30667
4380
232087
275814
113802
91896
218750
104976
113698
450316
83049
131100
43690
297024
179047
43660
4365
78552
61082
17448
65415
191840
78462
26148
143781
187308
56615
100142
361299
217600
348080
217500
82631
47828
13041
73882
69520
186792
13029
178022
52092
56420
17356
56394
95414
104064
182070
130020
8666
90972
30317
155880
173160
47608
82213
38934
95150
216200
618189
108050
69136
142560
202993
164084
21585
38844
47465
120792
77634
90552
43110
219810
116343
202476
111982
68896
253995
47344
4303
8604
25806
77400
73083
111748
141801
180432
4295
34352
4293
124468
175931
17160
205872
137216
34296
34288
38565
85680
85660
8564
4281
47080
239624
158286
175357
128280
153900
29918
106825
64080
226363
286090
102456
12804
72539
422334
63975
119392
225939
17048
362185
80940
132029
12774
63855
29792
289340
21270
102072
42520
55263
4250
250691
33984
135904
59444
140085
144296
254580
21210
89061
173840
152604
63570
110162
173676
76230
127020
283611
16928
71927
126900
16916
16912
42270
135232
63375
4224
164697
92884
177282
109720
135008
63270
4217
164424
219180
117992
311762
21060
202128
21050
113643
84160
50484
63090
21025
113508
117684
46222
88221
155400
247741
67168
104925
138468
41950
50328
54509
75456
4191
150840
67024
322476
25122
33488
8370
12552
188235
196554
66896
217360
108654
50136
104425
141984
62625
58436
108498
216944
70907
100080
166760
87528
25002
58324
199920
95772
112401
62430
74898
158080
103975
16632
444799
4156
62325
174468
344699
87192
4151
83000
91278
58072
37323
240468
244555
149184
422586
165680
132512
4140
223506
264832
82740
4136
28945
264576
4133
123960
33048
28910
41290
28896
94921
119654
90750
156712
74214
148392
333801
226600
102975
61770
107042
45276
90530
24684
189198
143920
65776
49320
86289
49296
78033
73908
205250
106704
102575
69734
164040
53300
110673
77862
217141
32768
4095
57316
106418
20460
36819
12270
44979
20440
44957
77634
81700
36756
159237
12246
93863
122400
101975
146808
57078
220104
73350
40740
244380
4072
44781
12210
158691
73224
138278
85386
439020
48768
81260
44682
178684
69020
4059
97392
28399
4056
32440
60810
231021
158028
202550
4050
12147
4048
165927
36414
8090
44484
165763
392074
8082
84840
141365
76722
68629
40360
104910
617202
20165
157248
40310
48360
68493
112784
116783
193248
4025
68408
4023
28154
72378
297480
4019
32144
64272
52208
36135
12042
4013
116348
88242
72180
108243
88176
28049
16024
52065
196196
264198
164082
28007
236000
91977
23988
143892
115884
3995
79880
19965
111776
331253
167580
143604
79760
19935
318880
247070
107568
31864
59730
31848
75620
127328
111384
115333
210728
127200
35766
47676
35748
7942
234230
154791
67456
202317
31728
111020
19820
35667
103012
122791
27720
150442
225606
23742
110768
63280
31632
35577
142272
260766
154050
3949
98700
59205
177570
3945
512720
311497
283824
31528
59100
39390
137830
11811
70848
74765
149492
7866
39320
35379
15720
27503
39280
94248
51038
82425
321768
43153
117660
66657
19600
113651
121458
219352
82236
39150
11742
31304
140832
66487
62560
171996
58620
82047
101556
136675
148352
23418
54628
97525
195000
206647
54572
77940
54544
276545
73986
35037
50596
140076
233400
23334
11664
93288
54404
46620
50492
555269
112578
3881
3880
77580
314118
38770
356592
89125
7748
92952
73568
85162
61920
38690
367460
123744
54124
61840
96600
61808
169928
77220
270200
277848
19290
53998
242928
192750
53956
100178
161784
127083
80850
34641
115440
80787
23076
34605
272924
53802
7684
203573
92160
92136
234118
130458
176456
61360
19170
180151
103464
42141
333210
88067
65076
99502
3826
61200
137664
103221
7644
202513
175720
110751
45816
64889
3816
15260
41954
64821
38120
156251
7620
129506
76160
7614
53284
30440
34236
38030
182496
41811
247000
45588
45576
474625
64532
155595
102438
170685
53088
18955
72010
53046
178036
37870
166584
151400
219472
162669
109678
18905
79380
41569
124674
56655
37760
30200
67932
113190
139564
131985
98020
218602
146952
195884
64022
101655
11292
7526
82764
195572
116560
101493
15032
480896
26292
52570
33786
56295
202608
75020
7500
101223
86204
3747
67428
7490
29952
63631
145938
198273
89760
160777
108402
369963
115816
7470
67212
108257
126888
14924
78330
111870
201312
78267
85698
171350
111720
238272
52108
3721
104160
63223
78078
44604
144924
70585
155988
3713
185600
141018
530530
3709
18540
88968
366894
181545
14816
85169
59232
203555
3700
48087
11094
66546
59136
73900
184700
180957
18460
11073
95940
73780
165960
3687
114266
55275
62628
121539
29456
198774
195040
103012
106662
183850
7352
62475
14696
179977
194616
113801
66060
209133
14672
69673
212628
3665
157552
172161
36620
84203
142740
62203
25606
54855
62152
25585
54810
105937
87648
189852
116800
10947
54720
134939
131256
112995
65592
10929
247656
10923
10920
218340
94588
3637
138168
163575
7268
138054
239712
112561
94380
174192
58048
90675
7252
32625
36240
144920
25354
148461
148420
28952
177282
217020
68704
10845
234910
166198
173376
10833
14440
101052
72160
36070
54090
111755
209032
10809
183702
79222
46800
313113
86352
68343
133052
7190
32346
25151
7184
25137
157960
71780
82524
71740
39446
39435
35840
39413
35820
42972
32220
275583
53670
7154
85824
143000
160830
35730
196460
46423
10710
46397
49952
10701
181866
263810
46332
89075
3562
39171
42720
28472
42696
369928
56896
95985
106620
60401
213120
21306
71000
106470
31932
88675
21276
17725
155936
46059
123970
290362
233640
38929
45994
130869
3536
173215
208506
123655
45916
10593
148260
84696
45864
56432
377282
21150
7048
49322
66918
59857
214720
66861
14072
101993
246120
80845
270578
87825
80776
80753
63180
35090
49112
378756
14024
24535
59568
150629
147084
10503
7000
41988
34980
129389
118864
52425
13976
24451
219996
10473
122150
38379
76736
380083
24402
320620
45292
149769
146244
31329
111360
90454
48692
10431
434500
86875
100746
41676
79856
48594
13880
121415
166464
31203
10398
3465
124704
72723
27696
48454
86500
10377
48412
103710
82944
6910
34540
75966
72492
37961
89700
24143
3448
3447
210206
179140
44772
68860
110144
48174
44720
103170
264726
58429
96208
44655
10302
68660
65208
96068
113190
10287
10284
23989
387138
140425
17120
65037
266916
191576
82080
20514
211916
112761
17080
30735
129732
64847
54592
68220
37510
3409
61344
37477
91962
47670
88504
44239
190512
132639
54400
3399
275238
98513
176592
179935
128972
105183
71232
172941
332220
37279
105028
37257
325056
104935
74448
50745
111606
20286
16900
3379
20268
60786
74272
23625
74228
40476
64068
47194
225790
198771
3368
94276
3366
16825
121104
43719
114308
63859
144480
13436
147752
57069
26848
164395
167700
80472
355312
46914
53600
53584
36828
70287
130494
50175
110352
123691
96918
300690
10020
3339
53408
143491
50040
33350
113356
93324
89964
79944
123210
346216
13312
33270
13304
29925
69804
46522
33220
272322
3320
76337
106176
175801
29844
16575
56338
122581
39744
16555
56270
112506
115780
188499
82650
56185
6608
66060
69342
214565
85800
9897
62662
46158
217536
75785
49410
115255
88884
174423
85540
240097
141384
95323
105152
111690
36124
68943
141126
55777
170560
75417
216348
9831
134316
16375
3274
144012
104704
134111
6540
98070
140524
147015
48990
65300
179520
130520
205506
26088
104320
39108
182448
58626
84656
397110
74842
3253
97560
3251
130000
25992
3248
16235
32460
3245
181664
152421
9726
3241
42120
93931
9714
207168
67956
42055
168168
74359
45248
54927
71060
25832
83928
70994
22582
151575
32240
499565
16110
90188
119140
90132
90104
128680
376272
12860
83564
125307
179872
6422
102720
221421
38496
195627
48090
16025
28836
9609
38424
99231
9600
41587
47970
31970
41548
63900
60686
79825
82992
51056
28710
31890
76512
98797
318600
156065
140096
60477
63640
143145
57240
85833
200214
34947
136568
6350
76176
63460
91988
57078
34870
38028
47520
224857
126640
88620
3164
79075
110670
31610
139040
12636
97898
157850
41028
44170
66234
116661
182816
207966
56700
377880
28332
50352
179322
59755
100608
72289
100544
75384
75360
62780
56484
3137
464128
125400
31340
21931
100224
112716
475760
118902
31280
40651
75024
68750
12496
31230
59318
127961
49920
99808
81068
96627
87248
77875
6228
80938
65352
105774
180380
326445
46620
6214
114922
24840
9312
3103
12408
62020
93000
49584
6196
15485
68112
43330
80444
170115
68024
18546
21630
129738
213072
101871
6172
40105
77100
80158
3082
43134
178640
104686
101574
43078
70748
9225
52258
67606
79872
98272
3070
67518
3068
3067
162498
55170
3064
27567
3062
76525
82620
137655
45870
42798
24448
3055
79404
143491
45780
33561
3050
67078
85344
30470
42644
237510
121760
12172
60840
316264
63840
148911
60760
21259
69828
361165
148666
18198
51544
51527
39390
272610
142316
60540
63546
54450
130032
57437
3022
48336
3020
39247
39234
6034
21112
60300
147686
63273
129516
39143
135450
150450
117312
27063
15030
60100
120160
36036
156104
24008
3000
92969
14990
134865
59920
23960
47904
20951
5984
146559
203320
122549
173304
47792
188118
8955
116376
89490
95424
68563
23840
53622
71472
160758
205344
95200
107064
17838
65384
98043
29700
44535
20776
14835
106776
157145
26676
32593
106632
20727
112480
103565
59160
23656
17736
115245
20678
112214
23616
47216
23600
82572
2948
103145
26514
23560
26496
126549
8826
47056
38220
202791
29380
32307
35232
155555
134964
17598
61572
55689
167010
55651
76128
40978
52668
23400
108188
61383
43830
2921
262800
49623
52524
23336
2916
26235
14570
104868
2912
81508
2910
183267
107596
104652
95898
14525
20328
66769
66746
55119
107300
20293
49266
23176
81088
298185
40516
40502
23136
28910
26010
5778
89528
20209
46176
63470
262444
74958
51876
40334
2880
20153
322336
37401
37388
106375
83346
281554
169448
45936
34440
106153
80304
63074
5732
22920
74464
131698
74412
57220
62920
191553
85740
85710
105672
102780
402414
8559
34224
5702
162450
51282
34176
65481
8538
122335
2844
110877
19894
48297
28400
34068
34056
14185
93588
246645
164372
33996
53808
42465
107540
65067
70700
152658
33912
16950
48008
31053
143922
5642
19740
90208
2818
61974
36608
242090
104118
25317
101232
70275
61820
33708
185328
252630
44896
25245
22432
126135
114882
36413
288400
41985
64354
44752
72696
19565
22352
72618
30712
94894
11160
33468
172856
153285
36218
72410
58464
25047
119626
2781
158460
16674
177792
36101
30536
2775
2774
36049
47124
191199
8310
49842
71968
5534
376176
94010
82920
85653
5524
27610
57960
212443
66192
151635
52364
66120
8262
27530
33024
101787
126500
87968
93432
49446
8238
38430
16464
87776
246780
21928
13700
19173
13690
5474
24624
60170
13670
267834
2732
5462
152880
10916
38192
70902
114492
117175
98064
84413
24498
195912
43520
32628
5436
160303
70616
111315
24426
97668
59664
10844
5420
40635
86656
73089
94710
16230
89232
54060
143206
172864
24300
35087
26980
26970
88968
8085
45798
40395
86144
69966
2690
80670
432768
40305
40290
45645
185196
5366
13410
29491
75040
13395
45526
61571
34788
98975
13370
157707
114896
53420
48060
168147
16008
26670
2666
55965
10656
2663
95832
23949
218120
82429
93030
69082
151392
18585
15924
18571
169728
58322
129850
153642
26480
74116
44982
10580
26440
29073
63408
15846
97680
76531
63312
10548
52720
5270
68484
18431
13160
7893
28930
21032
105120
102453
52520
23625
62976
34099
57684
7863
65500
185949
44506
78510
125568
20920
120244
203814
5224
31332
52200
70443
39120
112101
67756
33865
192696
72884
2602
39015
70200
23391
7794
72716
2596
57090
15564
173731
181440
18137
72520
49191
28468
129350
43962
144760
103360
41328
147174
131631
30960
15474
7734
15462
2576
33475
28314
5146
180040
61704
84810
84777
48792
41072
89810
56430
89740
84579
187026
17927
115200
10236
33254
104837
66456
173740
33202
10212
28072
91836
89250
35686
96824
226683
40736
188330
104304
15258
111848
15246
15240
12695
60912
12685
98904
109005
192584
25330
106344
96178
409860
20232
22752
116242
83358
10100
35336
30276
55484
75630
133560
100760
98202
103197
88060
135810
497772
291508
60288
82863
97890
2509
127908
12535
102746
25050
112680
10012
37530
40016
125000
87465
102418
9988
102336
24950
109736
87255
4984
239136
9960
29868
2488
59688
121814
29820
81972
19864
12410
29772
27280
42143
123900
136235
19808
79200
66798
84082
49440
185325
81510
14814
24680
69076
83844
184875
27104
81279
56626
125511
54120
7377
100778
113022
14736
103110
49080
46607
46588
46569
198450
31837
68544
26917
7338
188265
51324
34202
197802
65907
26840
17073
26818
29244
70644
92530
14604
97320
80256
38896
43740
2429
152964
31551
101892
184300
193920
38768
70238
111366
150040
12095
4836
38672
16912
77280
31382
190627
91656
57864
7230
168630
12040
2407
182856
67340
2404
28836
4804
52822
36000
67172
47960
23970
2396
105380
98154
100506
2392
7173
114720
57336
7164
7161
62036
83475
23840
19064
95280
2381
11900
38064
14268
97457
35640
57000
47480
37968
47440
21339
90060
80546
33152
108882
9464
2365
37824
35445
70860
226656
14160
7077
70740
58925
23560
18840
30602
18824
21168
131656
108100
54027
42264
70410
7038
82075
126576
11715
133494
72571
102960
21051
102872
133209
273312
23350
35010
228634
13992
123543
37280
183991
53544
18616
60476
65100
74368
20907
97524
81235
23200
102036
227164
13902
9264
32410
9256
71703
2312
11555
73920
66961
115400
103815
55344
23050
25344
165816
46040
36816
69000
34485
82728
163087
16072
91800
36704
20637
18336
75603
4580
70959
173888
77758
52578
66265
6852
54792
116382
15967
4560
6837
175406
54648
66004
52325
27288
56825
56800
9084
56750
40842
56700
56675
13596
20385
36224
27156
79170
2261
74580
133281
9032
29341
74448
13530
58604
38301
49544
117052
51750
22490
17984
26964
224600
40410
6732
31402
76228
82917
145600
49258
51474
2237
46956
134100
35744
17864
58032
51313
11150
15603
69068
48994
53424
6675
53376
46683
62216
57746
64380
139797
28834
6651
31024
128470
132840
130567
11060
114972
95030
119286
245088
110350
2206
35280
81548
57278
39636
52824
26400
13194
8792
17576
2196
8780
59238
54825
19728
19719
214620
61292
26256
4374
52464
104880
87360
76405
4364
34896
32700
30506
47916
45717
67456
69600
10870
73882
6516
95524
32550
30366
36856
19503
30324
36805
56264
21630
12972
95084
38880
116586
92794
97065
60368
30170
12924
19377
10760
2151
15050
234241
55848
105203
25752
21450
23584
4286
89964
107050
104860
115506
17104
10685
34176
46970
117370
38394
53300
2131
2130
44709
40432
46794
121182
61625
31860
167717
36074
106050
25440
2119
38124
2117
12696
19035
6342
63390
73920
75996
52750
67488
52700
18963
103194
119985
42080
35751
75672
52525
31500
39881
50352
56619
92224
58660
35598
276276
66944
154734
4180
131607
58464
73045
20860
133440
6252
33328
14574
10405
12480
31185
58184
45694
4152
53950
8296
4146
8288
113905
14490
39311
16544
119886
76442
30975
4128
10315
103100
68013
61800
37062
14406
57596
55512
2055
94484
36954
2052
14357
75850
40980
49152
26611
2046
77710
22484
96021
59218
67353
8160
4078
136546
2037
248392
69190
36612
18297
99568
253875
83230
4058
42588
95269
119534
32400
2024
28322
90990
32336
34340
64608
121080
100850
68544
32240
110770
120780
80480
40220
48240
62279
30120
150525
16048
62155
84168
42063
10010
36018
224000
7996
5994
33949
5988
27930
21934
153461
1992
31856
13930
65637
31808
27818
21846
57565
91264
91218
1982
23772
47520
87076
65274
13839
27664
92825
144102
140083
1972
102492
45310
23628
55104
86548
55048
19650
33388
21593
56898
17649
45080
43098
37202
164388
3912
33235
136780
208971
29280
31216
85800
89654
21428
146025
54488
17505
19440
23316
15536
13587
164900
1939
83334
54236
34848
29025
58020
15464
1932
21241
13510
32793
23136
44321
23112
77000
1924
28845
21142
5763
30720
11514
59458
258795
32572
30640
32538
40173
17208
26754
22920
1909
19080
143025
47650
38100
102816
199815
43746
55129
11400
13293
32266
26558
15168
68220
87124
22716
47300
54839
22680
7556
49088
41514
260268
18850
99852
5649
65870
31977
15040
107103
131460
137021
71288
28125
29984
31841
44928
80453
95370
20559
22416
57877
20526
132415
37280
61479
48412
37220
87420
79937
37160
64995
131776
25970
74160
12971
12964
9255
85100
68413
59136
1847
60918
46125
7376
62662
18420
104937
7360
12873
27570
1837
38556
53215
40348
71487
20152
10986
20130
93279
120648
63945
27390
65700
18240
136725
72880
54630
87360
69122
159984
61778
29056
49005
34466
19943
39864
57952
108600
12663
21696
39754
5418
36100
19844
25242
82892
32418
90000
16191
64728
8985
68248
127445
10764
3586
19712
41193
39380
10734
46488
39314
3572
5355
35680
74886
10692
67678
1780
65823
19558
101289
26640
44375
37254
12411
10632
42504
33630
53070
60112
3534
3532
40595
44100
294421
65194
49308
17600
200526
49224
3514
75508
96525
89454
96415
12264
66538
82250
5247
54188
17470
24444
162285
19184
174300
41808
31338
6960
29563
27808
29529
65968
31230
48552
19063
25980
51930
6920
1729
1728
58718
65588
25875
108612
86150
12054
1721
86000
1719
51540
54944
46332
87465
27424
35973
83888
54752
23940
29053
10248
1707
92124
20460
100536
15327
18722
49329
34000
42475
122256
5091
5088
94920
15246
15237
47376
32129
32110
13512
37136
50610
77556
13480
58940
45441
15138
57154
30240
72197
57052
57018
1676
56950
33480
31787
33440
51801
10020
130182
145116
3334
59976
19980
28288
63194
21606
3322
104580
1659
14922
21541
6624
9930
59544
4959
56168
54483
9900
72556
19776
77409
87238
74025
85488
110081
11494
26256
121360
57365
26208
54021
9816
71940
14706
21229
233376
30989
4890
47241
17908
8135
32520
34125
14616
37329
4866
35662
22680
16190
6472
4851
69488
17765
58104
70972
14508
17721
64400
54706
8040
33747
3212
80250
36892
59311
1602
12808
17600
51168
12784
1597
31920
31900
1594
27081
28656
42957
42930
55615
7940
41262
36478
25360
28512
56988
49042
6324
17380
9474
37872
107236
152872
12600
33054
110110
75456
56556
39250
39225
25088
26639
244296
43820
14076
37512
17182
106148
65520
4677
32718
26469
40456
71530
20202
41931
57424
34122
12400
23235
29412
43316
15460
4635
23160
57091
101772
38525
35420
78489
75362
30740
66048
15350
32214
18396
24512
16841
41310
15290
102376
80931
6104
6100
19812
4569
30440
79092
38000
48608
13662
33374
28804
45450
13626
63546
9072
90660
12080
6036
13572
64801
6024
49665
12032
7515
28538
21014
46500
11992
19474
47904
67320
47840
28386
26874
77584
64113
40230
28291
84816
10409
54982
56430
16324
87497
48906
7405
62160
28101
63554
25109
13284
33925
22110
92799
66240
33833
14700
36725
16148
39609
2932
58600
33672
23408
19006
87660
169360
5836
24786
45167
24752
8730
52344
15983
37752
7255
34800
17388
17376
1447
15906
11560
33212
139971
80752
53317
12960
12951
43140
7185
38772
33005
51624
1433
47256
51516
31460
31438
37128
52799
51336
75525
1424
193528
78210
2842
28400
7095
43958
15587
11328
99050
4242
5652
11296
98770
29610
43679
67584
92862
19684
1405
77220
32269
29442
65847
8400
65753
75492
39116
36296
76725
1394
33432
25056
4173
26410
58338
30536
29127
48510
36010
4152
34575
5528
13810
38640
99288
27560
60588
134848
46750
23358
38444
10976
16452
17810
98568
58824
75185
49176
23205
12276
20445
38136
39469
10880
44847
10864
12213
96276
24390
5416
4059
8112
20265
39150
51262
39092
18858
41726
41695
18816
14773
8052
45594
26800
2678
6690
38773
100200
28035
48024
6665
67932
77198
33250
47844
31872
38483
88842
1325
70172
14553
1322
9247
125400
5276
25042
51363
44744
18410
17082
17069
161376
35397
37990
26180
10464
33982
3918
7830
28688
3909
9114
15612
26000
18186
62304
6485
15552
22015
3882
1293
5168
10328
46440
5156
6440
33462
60442
14135
46224
28226
8974
106323
20480
171386
69012
40864
7656
12750
15288
35644
33072
7626
52070
39339
100172
12670
1266
27830
72048
40416
45432
27742
21420
23921
17612
3771
25120
31375
5016
11277
47576
1251
5000
3747
28704
62350
3738
39840
1244
14916
29808
49640
57040
55755
12380
30925
3708
45695
17276
3699
50512
34468
14760
40557
18420
69939
11034
51450
47736
19568
45214
6105
36600
41446
17052
35293
9728
57105
24280
21834
10908
83559
143990
125736
42280
16898
22914
1205
15652
36090
43272
36030
80400
51557
25158
17955
7176
28680
2388
32211
25032
9528
76160
27347
30888
51041
22534
46215
54464
10647
8274
68498
68440
101394
53010
42372
11760
96350
2348
19941
3516
29275
23400
7014
85264
30342
3498
24465
34920
45357
1162
24381
32480
18544
39372
15041
8092
72765
28850
10377
40320
17265
13800
10341
41328
33263
22920
27480
41184
19431
25124
9128
3420
2278
19346
50028
76112
29510
56700
3399
20376
52026
13560
15806
38352
7889
11260
34875
2248
10107
11220
44840
5600
25737
19006
20106
15624
11150
40104
10017
8896
45551
1110
29943
78668
16605
12166
18785
69552
11030
9918
14313
17600
26376
29646
2194
24112
6570
17504
26232
10920
3273
27250
9801
3264
21740
16290
46655
80216
75810
47608
9729
52920
38844
20482
52773
7532
140825
32220
11803
20368
19278
20330
55588
19224
16005
38376
6390
11704
20197
1062
53050
34980
6354
48668
23254
44352
1055
1054
5265
1052
39938
26250
14686
15720
29316
8368
8360
28188
9387
14588
4164
27040
20780
16608
40443
13468
3105
21714
12396
20640
7217
101970
38073
20560
24648
40014
23575
28672
35805
36792
26546
55080
1019
57008
76275
27432
11165
21294
29377
9108
13143
110090
65585
22176
48336
1006
1005
4016
31093
38076
24024
33000
97902
7984
29910
46812
995
44730
7944
36704
991
14850
76153
988
133245
2958
16745
24600
11796
42226
20601
27440
22517
101712
26379
32208
19500
39934
22379
14580
30101
85360
23256
48400
20307
10626
965
27956
18297
1924
41323
14400
6713
6706
10527
37284
7640
7632
26684
39032
18069
17100
12337
73944
3788
946
18900
54752
13202
28260
15997
42300
35682
22512
29984
14976
935
11208
7464
30756
40033
9300
37160
14848
23175
44448
25900
12936
17537
53476
16578
920
3676
15606
917
8244
61305
47528
57519
15504
27330
34580
30906
9080
118817
1812
50680
5424
5418
27962
27030
60300
17980
37716
11661
13440
895
36654
35720
57088
2673
890
29337
17760
14192
20378
4425
7072
22075
37044
1762
61600
12306
24584
8770
15768
29750
6118
47142
872
5226
15660
13035
16492
16473
9526
35465
4320
13808
31894
861
36980
18898
32604
16283
24824
11115
854
8530
852
31487
34000
5943
4240
31339
12690
21970
2532
18546
12630
13456
21000
11746
32682
64449
8360
12525
32526
54978
64064
47367
54780
7461
3312
12405
15694
108075
26368
9876
52608
41050
15580
10647
21268
31046
22848
17930
3256
58536
39788
7299
8100
31551
9696
84735
3224
37030
32160
1606
34486
2403
23200
16779
10374
15143
51740
14310
794
44408
36432
15820
19750
42606
12608
8657
10218
30615
18032
41499
20332
32802
10920
8569
3112
41181
23280
7750
91332
14687
12352
16962
18480
26915
7680
6903
70472
12240
9168
32046
9906
26635
6080
15180
48512
9084
26460
32465
10556
24096
19552
17273
15000
3745
17204
30627
18650
7450
37200
6687
17066
37791
10360
49513
19188
1474
5888
3675
102026
2199
9516
32164
6570
13122
8008
7270
27588
46400
724
11568
9386
38934
27360
10066
2872
13623
7160
22165
24276
20677
10680
2133
5680
4254
10620
42420
10590
26790
2112
703
16146
4206
5600
4194
2792
20910
11832
4865
30536
17325
17992
2073
13800
6890
5504
34350
15092
12330
11628
47127
7502
2043
46240
12222
9492
677
2028
45900
2022
13460
4704
5368
27470
38133
10020
15341
6660
11305
13280
11934
27804
11237
44220
32950
30926
4599
5248
15720
24198
2612
50856
13020
50700
1298
25272
12940
16150
5160
11592
20576
5778
5769
13440
14697
31262
637
6360
28575
13948
13293
15168
21454
4410
49691
6908
25707
13772
52500
7488
31150
41674
4968
6820
6809
4326
1851
4312
35670
14122
12873
12240
1222
13420
609
17632
37027
13938
26620
58588
14472
602
3606
25200
17371
22724
7164
38740
22015
13068
1186
26048
591
4720
31806
27048
2935
6446
43290
4088
4664
2910
12201
22040
8685
10982
21926
10368
18975
28126
10887
17732
6281
4560
14225
21016
8505
9622
18645
3384
2815
3372
13464
3360
8385
8928
2785
15012
23865
9972
17143
8280
5510
550
549
23564
9299
14196
12535
5984
25521
21680
1623
11880
32340
38198
7518
16616
2675
4272
11193
7448
33984
9010
5819
30624
23188
3682
16275
1048
523
13572
23445
3640
6228
26418
6204
4128
24720
39578
18468
33280
14819
5100
32067
5080
5577
10120
19190
2520
12072
12550
10020
9000
16467
14442
2982
2976
10890
6916
25636
12300
19640
11760
13203
34648
9253
5832
3395
9680
3381
8676
6253
9120
9580
13384
16218
8092
18050
6636
946
49560
8949
15980
14070
13572
35492
3728
30225
3248
463
10626
42873
4140
9639
78318
1828
32832
24570
7718
5889
1808
1353
12150
449
10304
3576
14272
10680
7992
443
5746
10584
440
3073
2628
10925
16132
5220
19964
45898
17712
1724
11610
18018
6848
11956
16188
2975
11448
9729
12660
26944
13440
12989
8360
7923
12896
2490
18216
2065
9476
25893
14350
2045
8160
6919
14210
24300
8080
17329
30954
17644
6800
19950
13532
3970
9108
5925
394
3930
39592
5865
2340
11281
6984
17415
21230
11935
2304
3830
3056
5715
8740
17055
4536
2262
31584
2250
6358
5968
8928
9275
16280
7749
7360
5138
32574
23725
4004
1452
6878
3971
9360
3231
10024
2142
1424
4260
30090
35653
352
6318
9100
12564
1392
14227
7958
12765
7568
3773
15732
3410
9180
6441
9802
2022
5376
5360
9686
333
9960
3972
8910
2632
20336
9156
17930
5850
8100
7106
5152
9309
3200
19140
1908
2536
4108
30555
1884
5008
9048
7153
620
9579
12936
10131
14382
7320
304
5151
2416
6020
17100
14651
2384
8613
1184
9735
11466
293
8176
6984
6960
5202
864
1148
286
15390
3692
11886
6204
3091
4200
6138
5004
23268
4968
825
6576
819
8976
13008
12150
6994
2412
3738
7980
17490
5280
3945
13100
7047
6760
4403
2838
7196
15872
14025
2794
23276
6048
9538
25250
16932
3472
13585
984
6615
2684
243
2420
6989
27600
7648
6426
15168
1888
7755
5616
9786
7424
924
11960
5038
5928
3859
13560
4050
19712
4906
7104
3757
2200
219
3052
2387
13392
3655
8132
17466
5088
5486
7980
2299
7696
5796
4738
2255
14892
5075
1212
1407
14200
398
3960
2758
7252
780
12028
10422
3648
9359
3990
3213
3572
374
1860
1110
5520
5307
4914
7783
4500
1611
178
1239
5456
2450
6438
3460
7396
12825
340
1690
9072
4843
10126
165
1804
4238
1944
3542
320
2067
158
3297
1404
2790
14168
1836
760
4983
2850
1937
3256
8967
3796
8555
7344
7722
3408
5499
2240
11815
3864
5069
4216
7695
1876
5586
2640
8384
1430
2838
1536
6858
630
3500
2232
1968
3660
242
2400
7616
2124
1872
1160
3795
3990
1469
224
3552
2640
5232
5184
3317
6572
1050
5616
927
102
101
2100
4059
3528
6887
1248
2375
2444
1023
2208
1729
360
178
176
1479
860
1530
2520
747
1640
2673
80
790
1716
616
2280
5550
3478
73
792
3834
1330
1035
3944
134
1254
195
512
1386
248
4636
3060
1947
638
2166
2968
1595
1080
1643
988
1632
1100
1372
528
1316
966
45
2332
817
798
328
2920
624
646
444
936
385
1054
2046
704
930
510
870
560
216
468
800
504
1771
1672
63
300
19
162
918
304
315
630
442
528
440
360
243
168
287
6
315
168
54
58
24
