50 50
8 7 50 37 4 17 1 11 37 37 9 26 42 44 39 20 6 27 2 19 40 23 12 1 38 5 4 9 1 5 22 23 13 15 24 28 7 49 16 35 25 39 33 49 1 43 4 10 22 26 
1 16 50 35
1 46 49 2
1 33 39 3
1 22 30 2
1 40 46 7
1 30 46 4
1 7 29 14
1 45 49 4
1 3 33 25
1 6 37 30
1 6 40 15
1 19 44 4
1 34 42 4
1 42 49 7
1 27 29 1
1 12 18 1
1 5 32 16
1 27 47 11
1 27 45 10
1 16 23 8
1 25 27 3
1 21 30 6
1 14 45 7
1 5 25 19
1 10 21 12
1 24 36 1
1 6 12 4
1 13 38 18
1 9 26 11
1 12 12 1
1 3 46 37
1 5 17 6
1 13 46 6
1 22 25 4
1 41 47 4
1 15 46 23
1 17 32 14
1 15 35 14
1 28 38 8
1 7 50 33
1 11 17 5
1 43 49 5
1 37 48 5
1 26 47 5
1 29 35 4
1 2 42 31
1 1 41 11
1 39 43 1
1 10 39 30
1 25 39 6
