50 50 1000000007
38 28 36 44 25 40 8 19 2 39 34 23 43 2 42 21 50 23 14 14 7 22 16 37 7 9 17 11 28 3 47 15 30 5 18 30 28 12 49 30 12 40 26 40 47 50 27 4 2 32 
1 9 16
1 1 45
1 36 47
2 19 26 25
1 12 23
1 5 7
2 33 44 17
1 35 37
2 21 34 23
1 11 27
1 34 50
2 7 19 11
2 4 43 41
1 2 21
1 29 47
2 31 36 23
1 31 32
1 29 41
2 19 26 42
2 29 40 6
2 29 34 8
1 8 29
2 5 17 13
2 16 42 28
1 2 33
2 18 32 50
2 7 42 8
2 6 45 25
1 8 44
1 1 34
1 23 34
1 12 26
2 30 44 38
2 9 41 32
2 19 34 47
2 1 42 33
2 29 33 13
1 35 47
2 17 39 49
1 35 37
2 8 17 42
1 27 34
2 44 49 8
2 21 37 38
2 32 47 36
2 16 46 49
1 43 47
2 11 30 30
2 1 44 37
1 6 23
