50 50 1000000007
20 50 19 15 34 44 42 45 49 3 17 19 50 44 37 10 19 9 8 33 4 33 49 27 18 13 42 23 21 5 41 19 15 42 1 40 1 16 9 4 46 4 17 26 21 11 9 23 21 21 
2 47 30
1 12 37
1 28 32
1 1 7
1 10 20
1 22 22
2 4 9
2 13 13
2 14 47
1 33 39
1 3 3
1 41 47
1 27 48
1 11 22
2 32 47
2 21 28
1 25 41
1 1 3
2 22 15
1 17 28
2 24 37
1 28 42
1 7 23
2 39 24
1 13 18
1 8 39
1 31 33
2 21 50
1 26 47
2 35 12
1 5 23
1 10 11
2 21 1
1 2 21
2 31 39
2 23 31
2 47 38
1 13 47
1 29 39
2 4 2
2 18 11
1 15 42
1 1 46
2 21 33
2 17 30
1 17 30
1 12 13
2 37 14
1 6 22
1 28 37
