50 50 1000000007
4 41 19 10 49 16 7 2 24 37 18 7 46 16 23 43 44 21 37 36 29 35 32 3 37 5 10 29 13 1 48 5 25 11 31 15 47 5 5 26 7 12 13 15 41 16 49 39 2 27 
2 22 34
1 25 30
1 5 23
1 19 40
1 45 48
1 11 17
1 12 26
1 5 7
1 2 48
1 30 46
2 19 50
2 6 27
1 3 31
2 4 25
1 21 47
1 42 44
2 10 18
1 10 19
2 7 8
2 1 15
2 10 35
1 8 22
1 23 23
1 25 29
2 3 13
2 20 49
1 7 8
2 16 48
2 23 47
2 6 17
1 16 47
2 14 33
1 47 49
2 20 36
1 10 38
2 8 26
2 29 42
1 2 39
1 10 15
1 35 38
1 48 49
1 5 11
1 14 21
2 32 41
1 24 33
2 31 41
1 16 47
1 9 12
2 20 50
1 4 30
