50 50 1000000007
1 47 21 5 11 1 3 6 11 21 24 6 47 18 47 40 49 25 35 50 9 42 42 19 26 46 23 2 2 4 30 35 21 33 48 45 45 7 21 49 20 3 11 20 37 15 40 9 39 13 
1 9 23
1 2 25
1 2 49
1 21 6
2 17 4
2 10 1
1 19 7
2 1 43
2 14 14
2 18 10
2 9 8
2 20 29
1 2 19
1 13 29
1 16 41
1 19 12
1 20 11
1 35 29
2 7 33
1 8 8
1 3 32
2 33 7
2 5 39
2 8 37
1 6 9
2 2 22
2 5 45
2 43 29
1 12 38
1 14 33
2 3 46
1 13 41
1 37 46
2 11 24
2 13 34
1 6 21
2 13 48
2 33 6
2 22 5
1 10 49
1 28 34
2 30 32
2 21 49
1 23 18
1 11 47
2 22 11
1 22 32
1 16 21
2 28 45
1 7 36
