50 50 1000000007
1 3 34 35 31 8 48 1 13 33 43 21 47 12 25 24 5 14 31 49 34 3 28 33 39 41 38 39 11 3 12 37 25 1 33 34 38 38 49 1 36 48 18 43 5 17 10 12 32 33 
2 32 42 28 5
1 14 22
1 27 38
2 7 29 32 30
1 38 49
2 13 31 16 11
2 10 46 27 5
2 37 42 45 40
2 11 46 30 50
1 43 47
1 8 16
2 46 48 47 20
1 1 27
1 29 46
2 21 46 13 17
1 27 31
1 1 23
1 5 42
1 24 40
2 6 19 20 48
1 33 48
1 45 47
1 19 50
1 19 39
1 9 26
1 39 50
1 30 32
1 8 25
2 12 18 14 45
1 32 42
2 14 36 50 35
2 13 39 9 0
1 4 30
1 8 37
2 5 21 16 11
1 41 41
2 24 36 25 10
1 1 39
2 40 48 10 15
1 40 41
1 1 21
1 27 49
2 1 5 33 11
2 24 40 11 25
1 3 19
2 22 30 20 20
1 40 49
2 12 39 5 27
2 13 15 31 27
1 19 25
