50 50
7 12 19 24 21 4 9 46 45 6 33 43 30 8 45 12 34 44 12 50 40 39 48 35 34 48 1 30 6 19 45 48 28 35 37 30 26 21 30 46 12 28 8 28 2 28 4 21 21 19 
1 23 25
1 12 38

2 24 37 15
2 25 50 36
2 37 38 8

1 2 17

2 23 35 27

1 19 43

2 2 23 46
2 41 42 44
2 3 27 11

1 6 41

2 7 32 4

1 14 40
1 33 40
1 21 45

2 3 30 30
2 8 32 32

1 11 23
1 15 19

2 30 40 10

1 5 29
1 26 34

2 19 40 29
2 3 26 4
2 6 21 37

1 38 41

2 32 50 1

1 1 43

2 41 50 7
2 2 37 31
2 19 19 2
2 20 21 34

1 24 42
1 33 48

2 17 48 38

1 8 26
1 27 46

2 20 33 4
2 34 36 36

1 30 39
1 22 28

2 8 14 26
2 7 23 13

1 22 39

2 12 41 29

1 21 27
1 20 42

2 11 21 28
2 17 24 50
