50 50
1 21 16 5 13 31 38 45 32 30 2 29 17 47 45 2 7 9 2 39 12 23 41 17 2 29 45 2 6 24 38 44 33 22 12 5 5 43 5 19 21 24 21 41 21 16 25 26 39 11 
1 44 48
2 41 7
1 12 31
2 19 1
1 32 40
1 33 45
2 8 35
2 21 4
1 10 15
2 26 28
2 19 24
1 5 34
2 4 27
1 18 46
1 23 48
2 13 18
1 25 42
1 15 32
1 9 11
1 25 43
1 7 34
2 13 39
1 12 50
1 2 17
2 9 33
1 37 41
1 24 38
1 37 39
1 26 35
1 36 38
2 7 24
1 30 41
1 24 42
2 15 43
2 14 22
2 16 32
1 42 49
1 13 45
2 8 37
1 38 45
1 42 50
1 13 30
1 19 49
1 11 37
2 18 32
1 1 47
1 26 33
2 3 14
2 2 27
2 13 5
