50 50 1000000007
14 41 7 19 19 35 4 50 22 46 25 44 11 12 25 42 32 26 19 48 5 44 48 47 7 21 33 42 25 2 39 40 4 4 30 42 49 25 2 38 32 47 28 30 26 34 3 4 33 10 
1 38
1 6
2 46 50 50
2 16 33 40
1 10
2 32 35 15
1 2
2 8 32 37
2 3 11 6
2 22 45 21
1 32
1 15
2 30 33 29
1 15
2 10 29 13
1 2
1 23
2 33 45 12
1 11
2 19 29 4
2 22 22 43
2 9 19 35
2 23 36 33
2 33 45 1
2 24 45 23
1 26
1 7
2 35 35 19
1 43
1 1
1 1
1 21
2 13 24 42
2 19 22 1
2 12 37 9
2 4 5 20
1 35
2 16 26 28
2 6 43 30
1 32
2 13 26 31
2 10 48 11
1 39
1 8
1 6
1 17
1 37
2 31 41 30
2 31 33 11
2 41 41 33
