8603
8561
8513
8491
8486
8446
7979
7945
7886
7876
7697
7697
7681
7681
7573
7527
7464
7441
7441
7441
6366
6366
6366
6366
6366
6365
6272
6441
6378
6214
6214
6072
6072
6072
6072
6072
6072
6072
6072
6057
5903
5897
5881
5881
5836
5836
5794
5758
5758
5730
5642
5642
5642
5580
5580
5534
5534
5508
5459
5459
5439
5439
5439
5439
5439
5439
5406
5402
5402
5402
5390
5390
5350
5350
5302
5218
5218
5218
4901
4838
4838
4838
4798
4798
4798
4740
4740
4740
4670
4670
4670
4670
4754
4754
4754
4735
4735
4725
4725
4725
4725
4690
4679
4638
4638
4638
4589
4577
4577
4577
4550
4550
4550
4550
4504
4504
4504
4504
4514
4514
4507
4507
4768
4768
4768
4695
4736
4736
4736
4736
4736
4736
4736
4736
4712
4668
4668
4668
4668
4654
4654
4574
4574
4499
4499
4499
4499
4499
4499
4499
4499
4491
4458
4458
4458
4438
4353
4353
4353
4379
4379
4377
4233
4176
4144
4096
4071
1205
1205
1205
1205
1205
1205
1205
1205
1205
1205
1205
1161
1161
1161
1071
1071
1071
1071
100
100
100
100
100
100
100
100
100
100
100
100
100
100
100
100
100
100
100
100
100
100
100
100
100
100
100
100
100
100
100
100
100
100
100
100
100
100
100
100
100
100
100
100
100
100
100
100
100
100
100
100
100
100
100
100
100
100
100
100
100
100
100
100
100
100
100
100
100
100
100
100
100
100
100
100
100
100
100
100
100
100
100
100
100
100
100
100
100
100
100
100
100
100
92
167
167
167
167
167
167
167
167
167
167
1922
1900
1900
1900
1900
1900
1900
1900
1900
1900
1900
1900
1900
1820
1820
1820
1756
1756
1756
1756
1756
1756
1756
1756
1756
1756
1751
1723
1723
1723
1723
1723
1723
1723
1723
1723
1723
1723
1716
1716
1716
1716
1716
1716
1716
1716
1716
1716
1664
1664
1664
1664
1664
1664
1647
1647
1647
1647
1647
1647
1647
1647
1647
1647
1647
1647
1647
1647
1647
1639
1639
1639
1639
1639
1639
1639
1639
1639
1615
1615
1615
1796
1796
1796
1796
1859
1859
1859
1859
1674
1674
1674
1674
1674
1715
1715
1715
1715
1715
1715
1715
1715
1715
1715
1715
1715
1715
1715
1715
1715
1715
1715
1715
1723
1723
1677
1677
1677
1677
1677
1677
1677
1677
1677
1677
1677
1677
1675
1675
1675
1675
1675
1667
1708
1708
1708
1708
1708
1708
1708
1708
1708
1708
1708
1708
1708
1708
1708
1708
1708
1708
1708
1708
1708
1708
1638
1633
1633
1633
1633
1633
1682
1682
1682
1682
1682
1682
1653
1653
1653
1653
1653
1653
1653
1653
1678
1678
1678
1678
1678
1668
1677
1677
1677
1677
1677
1734
1734
1734
1734
1726
1726
1726
1726
1726
1726
1726
1726
1726
1726
1726
1726
1726
1726
1726
1726
1726
1726
1726
1726
1726
1726
1726
1726
1726
1690
1690
1698
1698
1698
1698
1698
1014
1014
1014
1014
1014
1014
1014
1014
1014
1014
1014
1014
1014
1014
1014
1014
1014
1014
1014
1014
1014
1014
1014
1014
1014
1014
1014
1014
1014
1014
1014
855
855
855
855
809
809
809
809
809
809
809
809
809
809
809
809
809
809
809
809
809
809
809
809
809
809
809
809
809
809
734
734
734
734
734
734
734
734
734
734
734
734
734
734
734
734
734
734
734
734
734
734
734
734
804
804
804
804
804
804
804
775
775
775
775
775
775
775
775
775
775
775
775
775
775
775
775
775
775
775
775
775
775
775
775
775
775
775
775
775
775
775
775
775
775
775
775
775
775
775
775
761
761
761
761
761
761
761
437
437
437
437
437
437
437
386
386
386
386
386
386
386
386
386
386
386
386
386
386
386
386
386
386
386
386
386
386
386
386
386
386
386
432
432
432
432
432
432
432
432
432
432
432
121
121
121
121
121
121
121
121
121
121
121
121
121
121
121
121
121
121
121
121
121
121
121
121
121
121
121
121
121
121
121
121
121
121
121
46
46
46
46
46
46
46
46
46
46
46
46
46
46
46
46
46
46
46
46
46
46
46
46
46
46
46
46
46
46
46
46
46
46
46
46
46
46
46
46
46
46
46
46
46
46
46
46
46
46
46
46
46
46
46
46
46
46
46
46
46
46
46
46
46
46
46
46
46
46
46
46
46
46
46
46
46
46
46
46
46
46
46
46
46
46
46
46
46
46
46
46
46
46
46
46
46
46
46
46
46
46
46
46
46
46
46
46
46
46
46
46
46
46
46
46
46
46
46
46
46
46
46
46
46
46
54
54
54
54
54
54
54
54
54
54
54
54
54
54
54
54
54
54
54
54
54
54
54
54
54
54
54
54
54
54
54
54
54
54
54
54
54
54
54
54
54
54
54
54
54
54
54
54
54
54
54
54
54
54
54
54
54
54
54
54
54
54
54
54
54
54
54
54
54
54
54
54
54
54
54
54
54
54
54
54
54
54
54
54
54
54
54
54
54
54
54
54
54
54
54
54
54
54
54
54
54
54
54
54
54
54
54
54
54
54
54
54
54
54
54
54
54
54
54
54
54
54
54
54
54
54
54
54
54
88
88
88
88
88
88
88
88
88
88
88
88
88
88
