100
5 2 20
13 525 20
3 581 20
17 916 20
6 163 20
10 355 20
4 647 20
18 287 20
14 390 20
8 637 20
10 497 20
17 502 20
4 969 20
7 341 20
17 198 20
5 713 20
20 353 20
17 286 20
13 499 20
7 433 20
15 300 20
6 3 20
19 944 20
12 389 20
9 264 20
13 406 20
5 549 20
4 537 20
14 882 20
13 10 20
5 403 20
10 866 20
10 864 20
13 97 20
19 838 20
14 468 20
1 976 20
9 591 20
2 626 20
18 604 20
7 974 20
11 109 20
11 99 20
13 270 20
5 163 20
7 871 20
7 611 20
7 616 20
18 672 20
6 942 20
8 16 20
7 5 20
15 287 20
3 726 20
7 315 20
15 20 20
3 842 20
13 705 20
1 171 20
16 854 20
20 474 20
19 659 20
5 136 20
20 675 20
20 282 20
9 756 20
16 128 20
6 669 20
13 233 20
12 809 20
18 85 20
5 668 20
14 19 20
17 947 20
14 469 20
1 616 20
19 81 20
14 134 20
9 809 20
4 90 20
5 492 20
8 803 20
7 486 20
6 724 20
20 878 20
15 959 20
9 223 20
10 452 20
19 257 20
13 74 20
10 681 20
19 525 20
19 614 20
16 849 20
3 605 20
4 622 20
12 472 20
15 605 20
14 386 20
5 841 20
