200
40 39
93 4
60 93
54 20
42 74
81 2
26 89
58 96
17 76
63 61
84 80
92 42
44 20
17 90
97 92
28 61
12 33
16 16
39 68
21 45
88 42
66 99
62 19
5 72
94 46
11 66
97 96
12 13
2 36
21 53
27 4
42 93
50 82
53 87
100 60
85 12
56 5
34 57
20 15
60 21
50 12
44 29
58 99
94 88
82 45
7 53
19 70
59 29
5 3
70 43
68 15
20 76
98 96
42 57
11 4
43 34
52 29
30 30
63 61
55 15
25 62
4 81
42 26
55 63
50 80
40 32
33 39
6 47
59 23
22 11
88 66
36 49
62 27
68 13
75 36
66 26
95 39
34 52
28 24
28 36
9 50
89 67
75 73
31 62
14 26
66 44
39 59
41 33
2 44
44 69
48 11
19 58
17 52
100 34
47 75
42 65
83 8
88 17
63 39
67 39
234 547296750
15 191291100
42 533709000
800 212576400
320 134217728
500 468468000
300 18918900
42 26952750
162 967458816
1188 40310784
70 668918250
162 830513250
486 349920000
1428 328703760
27 564350976
660 615882960
260 343543200
1728 816293376
45 27000000
252 429556050
1664 964689920
126 85995000
864 668860416
45 255150000
336 874800000
1078 181252500
700 963144000
156 270270000
405 841802544
126 839368530
1760 765164400
1620 612220032
720 806215680
240 648000000
315 585585000
490 297675000
120 417704625
225 975975000
150 437400000
270 388800000
20 645918000
520 598152555
192 301989888
312 61661600
1152 712800000
720 526500000
900 425250000
48 806215680
150 216090000
384 325058560
162 790272000
882 348625200
360 885487680
150 570810240
600 611226000
180 342286560
640 268435456
1815 336174300
576 626102400
126 400207500
816 465567744
3136 838860800
624 342641664
128 603979776
1512 895795200
54 564350976
3264 302330880
6624 524040192
576 436207616
5120 503316480
512 855638016
1188 537477120
912 453496320
528 589545216
1215 443418624
384 436207616
3200 536870912
128 603979776
1600 436207616
1632 80621568
63 359995323
15 431493186
54 269664375
25 693497755
89 629532992
16 870498324
2 64756751
39 396957418
14 396306805
71 318296480
38 630736373
20 166524085
97 806022014
52 23889638
40 191040749
60 168757288
43 775718441
90 969776572
23 323658606
88 185001164
