1000 16 1000
0011100011111111
0011011010111010
0110011110110011
1010011111000011
1001011001100111
1111001101000010
0001000110101101
1100000111101010
1011100111111111
1110100010110001
0111010001101010
0001111111011101
0010111001111111
0000000100010011
0011100111010000
1110110111001001
1101000000001001
1010011000010100
1011011111101000
0010001100011001
0011001111101011
0111000100001011
1011010001010001
1100110111110001
0111101011000001
1101100100000100
0111101000011111
1101110110001001
0011111001101010
1101101110110110
0010010111110100
1010111010110011
0001000001111001
0110010000110111
0101100000111110
0011011111111111
0101101101000100
0110101101011010
1001000010111100
0111101010011101
0011111101011000
1000111001101100
1110100101011000
0101110100001111
0111111011100110
1000000011111011
1111011100000011
1111001111101101
0010100101100001
1001011100100111
0001101001111011
1101111010101111
0101101110011011
0010001001010001
1110010101101010
0011001110111101
1000111100101111
0100010111110111
1101011111111011
1011110011110110
1011100011100001
1101111100111111
1100100101001110
0001001101000101
1000100111000101
0011001010000001
0111011011011010
0110000011111111
1101011110110111
0011011110001100
1011100001010100
0011000010011100
0001011001011000
1101011110101011
0010011100111101
1011111011000000
0111111010011111
1010100010110011
1011010000011111
0110100101010110
0101010111001010
0111100100111110
1000011100010110
0110000010101100
0000111011111101
1011011001000100
1010110110110100
1111001100111100
1001011100010011
1001101101010010
1101100001001101
0101000011010000
0111000011101011
1010111110010100
0000011010000010
0000000011110010
0111001111101101
1000011100111010
0110111100001101
1000010110110101
1011011000000101
0011110011111001
1010101001111111
1110011011111100
1101101100001001
1110010100011001
1111001101100001
1100001011100101
0000011100111001
0010011010011110
1001100011010000
0101000001001100
1111110010100110
0000010000011101
0010010010011011
1110010101110011
0001000100101010
1100100100111000
0100101010111010
1100000010110011
1111100011101011
1011010001000000
0000111100100101
0100010000110010
1110111110001110
1001011110100100
0000010010011010
1010100100011100
1110000000100011
1100000011010111
0011001010110110
0001111010101100
1100011110000010
0011000101111110
0110010000110001
1011100110111100
1111000100100110
1100010010010010
1001111001110110
1000100101100011
1011001000000001
1110101010010000
1100010001011001
0101010010000110
1100001101101010
0000010001111111
0011001001001011
1010101110001001
1011111011010011
1010111010100000
0011001011110110
1010101111100010
0101001110011100
0001001001100000
1000111101111010
1001000101111001
1101011001001010
0111110111011111
0100101011110000
1011101011100110
1010111001101101
0100101101100110
1101110110011010
0110111011101001
0111011101110110
0011001111110111
1000101010011011
0100100001000010
1001011001001001
1100101011011000
0010001100110011
0001110010011000
1000101010101111
0011011100001010
0100000000010011
1001101110111000
0001010010001110
0001100100101100
0111011101011001
1000110100111000
0100111011111010
1111010110110011
0100110100111110
0001100100001010
0011101011011111
1100100010001111
1111111011000011
0111101111001000
1100010101101111
1000001100101110
0110111100001011
1101010110101011
1111000010000100
1000000101111101
0101111011101000
1011001111101100
0100011010010011
0110010110101010
0101101101001010
1110100000110000
0101101100001000
1100011111011011
1111101101011011
1001001101101111
0001110110000010
0010100010001101
1010111000100100
0011010011110111
0001101101111011
1101001101110100
0010100010110001
0111111101011001
0100100000101110
0110001100010011
0100110010010001
0110011100100111
0001111101000110
0001001000001000
1011110011000000
1001011111110100
1010111100110100
0010010101110111
1101001110101110
0001111110111001
0000111110000101
0101011001011101
0010001101001101
0111100100100011
0101011100010001
1110100010101010
0101101100000000
1111110101101101
0110111001110101
1110001001001010
1010001110111011
0111010111001000
1000001100011011
0000000111000010
1100011100001011
1000001000100100
1010110110110010
1010000110101001
1110101110101110
0011001001111100
0011110111101111
0111010101101000
1100011001001000
1111111111000100
0001100000100011
0111101011100101
0000111101100001
1110100001100110
0011110000000100
1010111011111001
0010101001110110
1010011001111111
1100111001101101
1111101001110111
1110001011011100
1001000011110101
0010101010111011
1101111001101101
1011100111111101
0100101100100110
1000100011101101
1101001110010100
1101100111111100
1110111011100011
1000000011000110
1001100011111010
1010000011110111
0101100111101101
0010100100010010
0010010101001110
1101111010110110
1001111011100111
0001111010000001
0011000010101011
0001011111000110
1001011001110101
1000111010001010
0000110101111000
0111100000010111
0100101111001110
0110010100110011
0011001011000011
1110111101010101
1001100010101001
0011000000010101
0111111011100001
1001110101101110
1000111111110100
0100001100111110
1110011011110110
1100100001110011
1110010100101001
0011110010010011
0000111011010110
1110100110100110
1001011110000100
0100001100000100
1110111001000000
0101110001101001
1001001001001011
0101100101111100
1011010110001001
1011011101000000
0001101101101111
1011001001011000
1011010101110011
1000001010010111
0100011000110010
1101011111111100
0101001010110011
0000100100110101
0110100001111100
1101001010111000
1100010010111100
0011100010100101
1010100010100010
0001100000001101
0110111101001001
1001110100001111
0000011001010000
0100001001011111
1111010010111000
1011111100001110
1110001000111000
0111001011110101
1000100101100011
0011101011011100
0110000100001100
0001000010000100
1000011110101010
1011100100000110
0010011001110001
0000001011000011
1011010100100111
0010011110000011
1001011101011101
1100011101010101
0110000011110010
0100011110100110
1011001011111110
0101000000011110
1100110001001001
0001100010101110
0001100001010101
0010100000010101
0001110110011011
0110111001010101
0001100001000011
1000110011001110
0111111110001001
0000010100110110
1111101100111011
1000001100010011
1001011000111011
1100101001111010
1111011000110101
0000000100111100
0000100100011100
1111111100101001
0101110000110101
0010011001111111
1111011110110110
1011100111111001
1010010001000010
0110111001000000
1010110100100111
0111100000101111
0011111100101100
1111110001110101
0110111110101010
0101001100011101
0000101111101011
0011000001111110
0101110110111100
0011110111000111
0011111100111101
0110101101110010
0010001010001010
0100110010010111
0000100100110001
0111101001000010
1111001000101001
1000100010111001
0110000011000111
1011001001101000
1110011100110100
1111101000011001
0001011101000100
1011111101100100
1101110000110010
0101110001101011
0101110100000101
1010111100111101
0110010101101010
1110011100110011
1000111001110011
0011111111000101
0110000110001111
0011101010100111
0111010011011111
0111110010100100
1100101010100000
0100110010001000
0111101011001011
1011011101111100
1001100010010100
1010110111111010
0101000111111010
0111100110101101
0011100110111000
1011000100010010
0101000011010011
1001111011110010
0100100011110001
0100111011010011
1000100110001000
0100100111011001
1010010001001011
1011110101101011
1111011010010111
1100011111111100
0001011001000001
1000010111110101
1101110000101110
1101111011111010
1011111000000011
1111100100010101
1000001101100100
1001101000011111
1010011010011011
0110011000001001
1001000111001000
0000100000100111
0101001100100010
1101110000101101
0111101101110100
0110000100010010
1101110011011101
0001101111111000
0001001000011011
1000110011100010
0111111011111100
1111001010111101
0000000101110011
0001000100100100
0100100111011101
0110011110100000
0000011100100011
1010001001111010
0111100001110101
1001001010010111
0101011011111101
1010010100110010
1010011011110011
0011010000001011
1001000010100001
1101010111100100
1011011101010001
1001011001010100
1111100000000100
0010000111010011
0000001011000111
0110011111111001
1011100000011111
1100010100101110
1000111010100011
0111100000101100
1001001111101101
0001010101101010
0100001110010011
1110001010011110
1100000100000100
1100001110001111
0001111001011111
0001011100011100
1110010111100101
1101000101111111
1101101000110011
1111010110111011
0010001001111010
1101110111000111
0100011001101000
1111010111110100
1100100010110101
0000110011100100
0010111000000101
1110000010100000
1011000011111010
1000000001110011
1001000100010000
0011100001110011
0100111010001011
0100000010101011
1011010100110001
0111100010101111
0010111000110100
1011101101111111
1010010111110101
1101000011100101
1110010101110111
1110001011011110
0010000001010110
1110110111111111
0000010010001000
1111111111111111
0000100001010000
1101111111101111
1011111011100111
1101111111111111
0100000000000000
1011111111111111
1111111111111111
1111111111111111
0001001100000000
1111101111111011
0000000000000000
1111111111011111
1111111111111111
1011111111111111
1111111111111111
0000000000100000
0000000000000000
1111110111111111
1111111111111111
0000000001000000
0000001000010000
0000000000000011
0001000000000000
0000000001000000
1111111111110111
0000000000000100
1011111111111111
1111111111111111
0000000000000000
0000000000000000
1111011111111110
1111111111111111
1111111111111111
0100000000000000
0000000010000000
1111111111111111
0000000000000000
0000000000000000
1111111111111111
0000000000000000
0000000000000000
0000000000000000
0111111111111111
1111111111111110
1111111111111111
0000000000010000
0000000000000000
1111111111111111
0000000000000000
1111111111111111
0000000000000000
1111111111101111
0000000000000000
0000000000000000
1111111111111111
1111111111111111
0000000010000000
1111111111110111
1111111111111111
0000000000000000
0000000000000000
0000000000000000
0000000000000000
1111111111111111
1111111111111111
1111111111111111
1111111111111111
1111111111111111
0000000000000000
1111111111111111
0000000000000000
1111111111111111
1111111111111111
0000000000000000
1111111111111111
1111111111111111
1111111111111111
0000000000000000
1111111111111111
1111111101111111
0000000000000100
1111111111111111
0000000000000000
1111110111111111
0000000000000000
0000000100000000
0000000000000000
0000000000000000
1111111111111111
0000000000000000
1111111111111111
0000000000000000
0000000000000000
0111111111111111
1111111111111111
0000000000000000
0000000000000000
1111111111111111
1111111111111111
1111111111111111
0000000000000000
0000000000000000
0000000000000000
1111111111111111
1111111111111111
1111111111111111
1111111111111111
0000000000000000
1111111111111111
0000000000000000
0000000000000000
0000000000000000
1111111111111111
1111111111111111
1111111111111111
0000000000000000
0000000000000000
1111111111111111
1000000000000000
0000000000000000
0000000000000000
0000000000000000
0000000000000000
0000000000000000
0000000000000000
1111111111111111
0000000000000000
0000000000000000
1111111111111111
1111111111111111
0000000000000000
1111111111111111
0000000000000000
1111111111111111
1111111111111111
1111111111111111
1111111111111111
0000000000000001
0000000000000000
0000000000000010
1111111111111111
1111101111111111
0000000000000000
1111111111111111
1111111111111111
1111111111111111
0000000000000000
0000000000000000
1111111111111111
1111111111111111
1111111111111111
1111111111111111
0000000000000000
1111111111111111
1111111111111111
1111111111111111
1111111111111111
0000000000000000
1111111111111111
1111111111111111
1111111111111111
1111111111111111
0000000000000000
0000000000000000
0000000000000000
0000000000000000
0000000000000000
1111111111111111
1111111111111111
0000000000000000
0000000000000000
1111111111111111
1111111111111111
1111111111111111
0000000000000000
1111111111111111
1111111111111111
0000000000000000
1111111111111111
0000000000000000
0000000000000000
0000000000000000
1111111111111111
1111111111111111
0000000000000000
0000000000000000
0000000000000000
1111111111111111
1111111111111111
1111111111111111
1111111111111111
0000000000000000
0000000000000000
1111111111111111
1111111111111111
0000000000000000
1111111111111111
0000000000000000
0000000000000000
0000000000000000
1111111111111111
1111111111111111
1111111111111111
0000000000000000
1111111111111111
0000000000000000
0000000000000000
1111111111111111
1111111111111111
1111111111111111
1111111111111111
1111111111011111
1111111111111111
1111111111111111
0000000000100000
1111111111111111
1111111111111111
0000000000000000
1111111111111111
0000000000000000
0000000000000000
1111111111111111
0000000100000000
0000000000000000
0000000000000000
0000000000000000
0000000000000000
0000000000000000
1111111111111111
1111111111111111
1111111111111111
0000000000000000
0100000000000000
0000000000000000
1111111111111111
0000000000000000
0000000000000000
1111111111111111
1111111111111111
1111111111111111
1111111111111111
1111111111111111
1111111111111111
1111111111111111
0000000000000000
1111111111111111
1111111111111111
0000000010000000
0000000000000000
1111111111111111
1111111111111111
0000000000000000
1101111111111111
0000000000000000
1111111011111111
1111111111111111
0000000000000000
1111111111111111
0000000000000100
1111111111111111
1111111111111111
0000000000000000
1111111111111111
0000000000000000
1111111111111111
1111111111111111
1111111111111111
1111111111111111
1111111111111111
1111111111111111
1111111111111111
1111111111111111
1111111111111111
0000000000000000
0000000000000000
1111111111111111
0000000000000000
0000000000000000
1111111111111111
0000000000000000
0000000000000000
1111111111111111
1111111111111111
0000000000000000
1111111111111111
1111111111111111
0000000000000000
1111111111111111
0000000000000000
0000000000000000
1111111111111111
1111111111111111
1111111111111111
1111111111111111
1111111111111111
0000000000000000
0000000000000000
0000000000000000
0000000000000000
1111111111111111
0000000000000000
0100000000000000
0000000000000000
0000000100000000
1111111111111111
0000000000000000
1111111111111111
1111111111111111
0000000000000000
0000000000000000
0000000000000000
1111111111111111
1111111111111111
1111111111111111
1111111111111111
1111111101111111
0000000000000000
0000000000000000
1111111111111111
1111111111111111
1111111111111111
1111111111111111
1111111111111111
0000000000000000
1111111111111111
0000000000000000
1111111111111111
0000000000000000
1111111111111111
0000000000000000
0000000000000000
1111111111111111
1111111111111111
0000000000000000
1111111111111111
0000000000000000
1111111111111111
1111111111111111
1111111111111111
1111111111111111
0000000000000000
0000000000000000
1111111111111111
0000000000000000
0000000000000000
1111111111111111
1111111111111111
1111011111111111
1111111111111111
1111111111111111
0000000000000000
0000000000000000
0000000000000000
1111111111111111
1111111111111111
1111111111111111
1111111111111111
1111111111111111
1111111111111111
1111111111111111
1111111111111111
0000000000000000
0000000000000000
0000000000000000
1111111111111111
0000000000000000
1111111111111111
0000000000000000
0000000000000000
0000000000000000
1111111111111111
0000000000000000
0000000000000000
1111111111111111
0000000000000000
0000000000000000
0000000000000000
1111111111111111
0000000000000000
1111111111111111
0000000000000000
1111111111111111
1111111111111111
0000000000000000
0000000000000000
0000000000000000
0000000000000000
0000000000000000
1111111111111111
0000000000000000
1111111111111111
0000000000000000
1111111111111111
0000000000000000
1111111111111111
0000000000000000
0100000000000000
0000000000000000
0000000000000000
0000000000000000
0000000000000000
0000000000000000
1111111111111111
1111111111111111
1111111111111111
1111111111111111
1111111111111111
1111111111111111
1111111111111111
1111111111111111
1111111111111111
0000000000000000
1111111111111111
1111111111111111
0000000000000000
1111111111111111
0000000000000000
1111111111111111
0000000000000000
1111111111111111
1111111111111111
1111111111111111
1111111111111111
0000000000000000
0000000000100000
0000000000000000
1111111111111111
1111111111111111
1111111111111111
1111111111111111
0000000000000000
0000000000000000
1111111111111111
1111111111111111
1111101111111111
0000100000000000
0000000000000000
0000000000000000
1111111111111111
1111111111111111
1111111111111111
1111111111111111
0000000000000000
0000000000000000
1111111111111111
0000000000000000
0000000000000000
0000000000000000
1111111111111111
1111111111111111
0000000000000000
0000000000000000
0000000000000000
1111111111111111
1111111111111111
1111111111111111
1111111111111111
1111111111111111
0000000000000000
0000000000000000
1111111111111111
0000000000000000
0000000000000000
0000000000000000
0000000000000000
0000000000000000
0100000000000000
1111111111111111
1111111111111111
1111111111111111
1111111111111111
1111111111111111
1111111111111111
1111111111111111
1111111111111111
1111111111111111
1111111111111111
1111111111111111
1111111111111111
0000000000000000
0000000000000000
0000000000000000
0000000000000000
1111111111111111
0000000000000000
0000000000000000
0000000000000000
1111111111111111
1111111111111111
0000000000000000
0000000000000000
0000000000000000
1111111111111111
1100100101100111
1101100101100111
0100000000000000
0100100100100111
0100100100100111
1101100101100111
1101100101110111
1111111111111111
1001001110010001
0100100100100111
0100100000100000
0100100100100111
1101100101100111
0100100100100100
0100100100100000
0100100000000000
0000000000000000
0000000000000000
0000000000000000
1111101100111001
0100000000000000
1100100101100111
1111101101111111
1101100101110111
1111111111111111
1101100101110111
1101100101110111
0100100100100100
0100100100100000
1111101101111111
0100100100100000
0100100100100111
1100100100100111
1111101101111111
0100000000000000
1111101101111111
0100100100100110
0100100100100100
0100100000100000
0100100000100100
1111101101111111
1101100101111111
0100100100100110
0011001000100100
1010010101110000
0110101000001000
0111101111111111
1100100100100111
0100100100100110
1101100101100111
0100100100100100
0000000000000000
0100000000000000
1101100101100111
0100100100100100
0100000000000000
0100100000100000
1100100101100111
0100100100100110
0100100100100000
0100100000100000
0100100100100110
0100000111110111
0100000000000000
1101100101100011
0100100000100000
0100100100100111
1111101001111111
1101101101111111
1011000000111000
0100100000100000
1100100100100111
0100100000100000
0100100100100000
1101100101110111
0100100100100110
1010100010000110
1010111100100001
0100100100100110
1011011101101111
1101100101110111
1111111111111111
1101101101111111
0100100000000000
1101100101100111
1110101101111111
0100100000000000
1100111100100000
0100100100100100
1111101101111111
0100100100100000
0100100000100000
0100100100100111
1100100101100111
1111101101111111
0100100100100100
1111101111111111
0000000000000000
1000111100001011
0100100000100100
0100000000000000
1101101101111111
0100100000000000
0100100100100100
1101100101110111
1101100101111111
1111101111111111
1101100101100111
1101100101110111
1101101101111111
0000000000000000
0100100000000000
1101100101100111
1101101101111111
0011000010011011
0000000000000000
0100100000100000
1100100101100111
0100100100100010
1100100101100111
0100000000000000
0100000000000000
1111101101111111
1101101011101001
0100100100100000
0100100000000000
0100100100100110
0011001010000010
1010101100010110
0111100001010101
1101100101100111
0100000000000000
0100100100100000
1111101101111111
0000001010101100
0000000000000000
1101100101111111
0100100000100000
1111101111111111
0100100100100111
1101011100011001
1101100101100111
0100100100100100
1111111111111111
1101100101100111
0100100100100000
0100100100100110
1101100101110111
1101100101111111
1100100101100110
1111111111111111
1101100101100111
0000000000000000
0100100100100000
0100100100100111
0100100000100000
0100100100100110
1011101111111111
1100100101100111
0100100000100000
0000000000000000
0100100000100000
0100100100100111
1100100101100111
0100100100100110
1111101111111111
1111111111111111
1100100100100111
0100100000100000
0100000000000000
1100100101100111
0100100100100111
0001000010011111
0100100100100100
0100110001110010
1111101111111111
0100100100100000
0110001011000000
1101100101111111
0111101100000101
1111111111111111
0000100100100100
0100100000100000
0100000000000000
0100000000000000
1101101101111111
1111010011010001
0100100100100110
1010101110011110
1111111111111111
0111101101111111
0000000000000000
0000110000111100
1101100101100111
1101100101111111
0100100100100111
0100100100100010
0100100100100111
1101100101110111
1111111111111111
1101100101110111
0100100000000000
1100100100100111
0000000000000000
1111101101111111
0100100100100100
0100100100100000
1101100101100111
1100100100100111
0100100100100100
0100100100100100
0100100000100000
0100100000100000
1100100101100111
0100100100100110
1101101101111111
1101101101111111
1011111111111111
0100100100100110
1111101111111110
0011000010100111
0100100000000000
0100100100100111
1111111111111111
0100100100100100
0100100100100000
0100100000000000
0100100000100000
0000000000000000
0000101010011000
0011010111110100
1101100101111101
1010011001000110
0000000000000000
1100100100100111
1101100101110111
0100100000100000
1111101111111111
1100100100100111
1101100101111011
1111101101111111
1101100101111111
1101100101110111
1101100101100111
1111111111101111
0000000000000000
0100100100100110
1101100101111111
1101100101100111
0100100100100100
1100100101100110
1111101101111111
1100100100100111
1111111111111111
0100100100100111
0000000000000000
0010111110011110
0100100000000000
1111101111111111
0110000010000001
1111101111111111
0100000000000000
1111111111111111
0100100100100000
1010101001111111
1101100101110111
0100100000000000
1100100100100111
0100100100100000
0001101000101101
1111101111111111
0100100000000000
0011111001010100
0100100100100111
1101100101110111
0100000000000000
1101100101111111
0000000000000000
1101100101110111
1111101101111111
0100100100100111
1101100101110111
1101100101111111
1111111111111111
1111111111111111
0101000001100110
0100100100100111
0100100100100100
1111101101111111
1101100101110111
1111101101111111
0100100100100111
0100100100100000
1100100101100111
1001000010001111
0100010000100110
0100100100100111
0100100100100110
0100000000000000
1100100100100111
0100100100100100
0000000000000000
1101101101111111
0011110011100101
1100100100100111
0000000000000000
0100000000000000
0100100000100000
1101100101111111
0000010011110000
0100000000000000
1101100101111111
0100100100100110
1101101101111111
1101100101111111
0111101111000010
1100100100100111
1111101111111111
1100100100100111
0100100100100100
0100000000000000
0000000000000000
0100100100100111
1101100101110111
1101100101110111
1101000101110111
0100100100100110
1111101101111111
1101100101111111
0100100100100000
0000000000000000
0100100100100110
1111001000100110
0100100000100000
1111101101111111
1100100101100111
0100100000100000
0000000000000000
0100100100100100
1101100101110111
1111111111111111
0100100100100000
1101100101100111
0100100100100110
0100100000000000
0100000000000000
0111101011110110
0100000000000000
0100100100100000
0100100000100000
1101101101111111
0100100000000000
0000000000000000
0100000000000000
0100100000100000
0000101000111011
1101100101110111
0100100000100000
0100100100100111
1111110111111111
0100100000100000
0100100100100100
1101101101111111
0100100100100100
0111111011100111
1101100101111111
1100100101100111
0100100100100000
1111101101111111
0100100100100100
1100100101100111
0000000000000000
0100100100100111
1111101101111111
1100100100100111
0011001100001110
1100100101100111
0100100100100100
1111101111111111
1100100101100111
0100100100100100
0100100100100100
1101100101111111
1100100101100111
0100100000000000
0100100000000000
0100100000000000
1101101101111111
1001101011101101
1100100100100111
0100000000000000
1111101101111111
1101100101110111
1101101101111111
1101100101110111
1101100101110111
1101100101110111
0100100000100000
1111101101111111
1000011001010001
0101010011000110
0100100000100000
0100100000000000
0100100100100000
1111101111111111
1100100100100111
1101100101111111
1100100100100111
1101100101111111
1101100101111011
0100100100100110
0001100011001010
1101100101110111
0000000000000000
0100100100100111
0100000000000000
1101100101111111
1101100101100111
0100100000100000
1100100101100111
0100100000100000
1111101101111111
1101100101110111
0100100100100000
1101100101111111
1101100101111111
0100000000000000
1100100101100111
1111101101111111
0100100100100110
0100100100100000
1101100101111111
1101100101111111
0100100000100000
1101100101110111
1111101101111111
1100100101100111
0100100100100100
0100100000000000
1100100101100110
1101100101110111
1101100101111111
1100101110110000
1100100101100111
1101101101111111
0011111001001100
0110111011100000
1111110100000100
1111111111111111
0100100100100100
1111101111111111
0100100100100111
0000101110011000
1100100001100111
0100000100110001
1101100101111111
0100100000000000
0100100100100111
1101100101111111
1100100100100111
0100100100100100
0000001110101000
1001100101000110
0100100100100000
1111111111111111
1100100101100111
0100100000100100
0100000000000000
1101101100111111
0000000000000000
1101101101111111
0100100100100110
0100100000100000
1100100100100111
0100100100100110
1100100100100111
0100100100100110
0100100000000000
0000000000000000
0000000000000000
0000000000000000
1101100101110111
0100100000100000
0100100100100110
1010100111111010
0000000000000000
1101101101111111
0000000000000000
1111101100111111
1111101101111110
1101101101111111
0100100100100110
0100100000000000
1100100101100111
0100001100101001
1111111111111111
1010101001011011
1001110111001110
0100000000000000
0000000000000000
0100100100100110
1101100101110111
0100100100100100
0100100100100100
0100100100100111
0010110110001010
0100100000100000
0011100001100001
1111101101111111
0100100000000000
0100100100100000
0100100100100110
1100100100100111
1101100101111111
1111101101111111
1101100101100111
0100100100100100
0100100100100111
0100100100100100
1111101101111111
1101100101110111
1100100100100111
0100100000100000
0100100000100000
1011011000100010
0100100000000000
1101100101100111
1100100100100111
1100100101100111
1111111111111111
0000100000000000
0100100100100111
1101100101111111
1100000100100111
0100100100100110
1101100101111111
0100100000100000
1100100101100111
0100100100100110
0100100100100000
0100100000100000
1101101101111111
0100100100100100
1100100111001000
0100100100100111
1111101111111111
1101100101110111
1111111111111111
0100100100100100
0100100000100000
1111101101111111
0100100000000000
0100100000100000
1101100101100111
1101100101110111
0000000000000000
1101101001111111
0100100100100111
0100100000000000
0100100000100000
0100000000000000
1111101101111111
0100100000100000
1101100101110111
1111101111111111
0000000000000000
1111101111111111
0010010111011110
0100000000000000
1111111111111111
1111101111111111
0100100100100110
1100110100010010
1100100100100111
0100000000000000
0000000000000000
0100100000100000
0100100000000000
1000011010110011
1111111010100101
1111101101111111
0000000000000000
1100100100100111
1111101101111111
1100100100100111
0100100100100111
0100100000100000
0011001011010011
0100000000000000
1001011001110000
0100100100100000
1100100101100111
1111101111111111
0100100000100000
1111101111111111
1101100101100111
0000000000000000
1101100101110111
1101100101110111
1101101101111111
0100100100100000
0100100100100111
1100100100100111
0000000000000000
1000100000110010
1111111111111111
0000000000000000
0000000000000000
0100100100100111
0100000000000000
1111111111111111
1111101101111111
0100100100100100
1100100101100111
1111110110001000
0100100000000000
1101100101100111
0000101001101100
0110000011111001
1101101101111111
0101101010001011
1111101101111111
0100100000100000
0100100100100111
1111011001110101
0100000000000000
1101100101100111
1101101101111111
1101100101111111
0100100100100000
1101100101110111
0000000000000000
1100100100100111
0100100000100000
1101100101100111
0100100100100111
1100100100100111
1111101111111111
0100100100100000
0100000000000000
1101100101111111
1101100101100111
1111111111111111
1001110111111111
1101000000101101
0100100100100111
1101100101111111
0100100100100000
0000111101000011
0000000000000000
1111111111111111
1111111111111111
1101100101100111
1101100101111111
0100000000000000
1101100101100111
0100100100100110
0100100000100000
0100100100100100
0100100100100100
0100100100100110
0010110000011111
1101100101111111
0000000000000000
0100000000000000
1101101101111111
1101101101111111
1100100101100111
0100100000100000
0100100100100110
0110100100001110
1100100101100111
0000000000000000
1111101101111111
0100100000100000
1101101101111111
0100100000100000
0100100000000000
1111101110111111
1100100101100111
1101100101111111
1100010110000010
0100100100100110
1101100101110111
1001000010011111
1111101101111111
0001000101001110
1111110100011110
0100100100100110
1101101101111111
0111001001001101
1101100101110111
1100100100100111
0011011010001011
0100000000000000
0100100100100110
1101101101111111
0100100100100000
1101100101111111
1100100101100111
0100100100100111
0100000000000000
1100100101100111
0000000000000000
1111101111111111
1111101101111111
0100100100100111
0100100000100000
1100100101100111
0100100100100111
0100000000000000
1111101111111111
1111101101111111
1101100101110111
1101100101100111
1100100100100111
1111111111111111
1111101101111111
0100100100100000
0100100100100100
0000000000000000
1101101101111111
1100100100100111
1101101101111111
0100000000000000
1101101101111111
0100000000000000
1101100101111111
1101101101111111
1101100101100111
0100100000100000
0101100101100111
0101101101110101
1101101101111111
1101100101111111
0100100100100000
0100100000000000
1111101111111111
0100100100100100
0100100000100000
0100100000000000
0100100100100000
0100100000100000
0110011100111111
0100100100100111
1001010100001001
0110100010010000
0011011000100001
0100100100100000
1100100100100111
0100100000100000
1100100100100111
0100100100100110
0100100000100000
1101100101100111
0100100100100110
1111101111111111
1101010001011000
1111101111111111
0100100000100000
0100000000000000
1101100101110111
0001111101111000
0100100100100000
0100100000100000
1101100101100111
0100100100100100
0100100000100000
1101100101110111
1111101101111111
0100100100100100
1101100101111111
1111101101111111
0100100100100000
0100000000000000
0100100100100100
0100100100100111
1100010100000111
1111111111111111
0100100000100000
0100100100100000
1111101111111111
0000000000000000
0011011110001011
1111111111111111
0100100100100111
1111111111111111
1001100101110111
0100100000100000
1100100100100111
0111101011001110
1111101111111011
0100100000100000
1101100101011111
1111111111111111
1101100101011111
0100100100100110
1101101101111111
0100000000000000
0100100000100000
1100100101100111
0101001010101101
1100100100100111
1101100101111110
0100100100100110
1111101101111111
1111101111111011
0000000000000000
0011111001100000
0100000001100010
1101100101110111
1111101111111111
0000000000000000
0100100100100111
1101100101111111
0110001101101010
0100100100100100
0100100100100110
1100100100100111
1101100101111111
1111101111111111
0100100000100000
0100000000000000
1100100101100111
0100100100100110
1111111111111111
1100100100100111
1101100101100111
0100100100100100
0000110011010110
1100100100100111
1111111111111111
0100100000100000
1100100101100111
0010011110010110
1111111111111111
0000000000000000
1101100101111111
0100100100100111
0100100100100100
0100100100100100
1011101000101110
1101100101100111
0000000000000000
0100100100100000
1100100101100111
1101100101100111
1101100101110111
1100100101100111
1101100101100111
1101001100100110
1111111111111111
1100100100100111
0100100100100111
0110101011110010
0100100000100000
1101101101111111
1100100101100111
0100100100100110
1101101101111111
0000110010100001
0000000000000000
0100100000100000
0100100100100110
0100100100100110
1101100101110111
1100100100100111
0100100100100110
1111111111111111
1111111111111111
0100100100100100
1101100101100111
1111111111111111
0100100000100000
1101100101100111
1111101111111111
1100100101100111
0100100000000000
1100100101100111
1111101101111111
1111101101111111
0100100100100110
0100100100100000
1100100100100111
1111101111111111
1111101101111111
1111101111111111
0100100100100111
1010101011001110
0000000000000000
0000000000000000
0100100000100000
1111101101111111
1001100101111111
1100100101100111
1000101100110010
0000000000000000
0100100000100000
0100100100100110
0100100100100100
1111101101111111
0100100000100000
1111101111000111
1111111111111111
1101100101110111
0100000000000000
0100100100100110
0100100100100110
0000000000000000
1111111111111111
0100000100100110
0100100000000000
1101100101100111
0100000000000000
1101101101111111
0010101010110110
1111111111111111
1000001001000011
0100000000000000
0011001110101011
0100100000000000
1111101111111111
1111001001100011
0000000000000000
0100000000000000
1101100101111111
0100100100100111
1101100101100111
0100100000100000
1101100101111111
0100100100100111
1101100101110111
1011110011011100
1111111111111111
1101100101111111
1100100101100111
1100100101100101
0001000011010010
0100100100100100
1101100101111111
1100100101100111
0101000000101111
0100100100100000
1100100101100111
1111101111111111
0100000000000000
1111111111111111
0100100100100111
1101100101100111
1101100101111111
1101100101100111
1110011101000110
1100100100100111
1101100101110111
1101101101111111
1111101101111111
0100100000000000
1101100101100111
1100100100100111
1111101101111111
0100100100100000
1101100101111111
1111101101111111
0100100100100100
0100100000000000
0100000000000000
1101100101111111
1111111111111111
0110110001001011
1101100101110111
0100100100100110
1100111101101111
1111101111111111
1111100111111111
0100100100100100
1101100101100111
1101100101111110
0100100000100000
1011011011100101
0000000000000000
1111111111111111
0100100100100110
0100100100100100
0100000000000000
1011101101111111
1100100101100111
1111101010101110
0100100100100000
1100100101100111
1100100101100111
1101100101111111
0100100100100000
1101100101110111
1101100101100111
1111101011111111
1000100101100111
1011110010000100
1100100100100111

