400451441
207463336
443021276
303513108
317633292
668164093
0
551069870
820095280
324065518
215153567
0
845657910
336592801
33660198
616685304
974122807
238491686
0
712032641
170037184
259414032
755661998
37270378
405633065
690243906
818119594
357789876
229014319
633381959
263484114
765058189
505486247
795873046
993216556
194675001
984931473
374557462
685792451
427485542
199136573
793512992
941163300
595761501
16138296
138629700
529338751
376515553
48980258
304870526
977519936
865392113
106477086
0
0
963787460
793646849
469153330
6385655
379961945
285707590
199136573
700664323
549320292
863469434
128826163
340841512
687458091
289504890
874377794
872327561
357326996
566151685
446577961
199370621
145779645
482037561
591485359
581500447
588183086
0
464753252
205810724
754290157
131551914
541249385
637103235
777808366
827791719
0
411247683
84032226
0
0
0
0
467025015
0
938760505
0
669727539
587484850
0
967982740
0
0
889920460
254499048
721989785
32293162
136375796
375746075
43933388
835526562
430019035
118678319
0
667458986
15206239
377493909
61639960
843181141
654113235
470680083
917592133
48062918
343953811
897236239
575930579
505014644
145779645
555459635
879286174
327490449
905532878
427949136
280122321
691389428
710650557
456371574
954278619
0
918070339
695253675
617524531
80568711
237187932
87209534
830395155
24262874
444772940
133644227
0
508927483
470225607
0
889471767
0
448605013
242430678
94040893
877001803
134165646
853842685
405633065
32966907
566643620
519848114
935536870
477103818
306003562
892566221
262690255
0
0
682814766
696032567
200804929
848986595
0
97814626
894537021
1393443
218787360
740773666
939648025
893149313
959458405
444878921
112507314
0
59486688
17563702
763796869
780095297
0
6756779
71955232
414947082
588183086
0
165242985
109540364
513784193
943007930
530955670
230803880
621195305
918070339
678116719
603983468
197954854
0
653307810
617388061
921117834
822108657
213687787
446698498
537498239
686352819
136375796
403763460
760608938
174542099
473206854
339833588
642444753
929983397
132931816
227044223
83814514
429113797
793170402
0
253087738
495463419
874377794
883905268
380811111
81773682
392348927
989352903
550037968
338537598
289641240
369842970
686762052
0
309328472
132026290
610651186
244796125
0
842975652
714411473
93446072
686762052
294403872
864765798
233470098
406800110
64833578
283631665
987217174
375746075
0
993216556
74443647
495175822
62546869
125621486
518746387
109419807
590300022
919728734
106748151
327656061
572371098
805278946
44346215
231105226
940771435
739431563
839169577
319523906
208795607
802119222
218003158
666483593
913698706
671040592
640040323
182956385
0
669492926
220247099
653649495
0
215056954
0
137813614
554786672
998970138
707189255
658234300
960011058
812964103
188718382
33565514
597923152
531456064
264589643
643168089
945578821
333708668
378470276
50874455
451278351
91022484
748062405
383976147
672343511
0
806954200
188469613
762406008
524348821
100866400
403837883
740849671
903001308
0
863806146
830989523
107793127
0
378078951
53572681
939724446
398081772
196154871
684049730
219416017
927316330
401095314
303436298
0
0
203575711
0
0
920628336
708111847
550259529
211939815
0
960149775
658803672
0
297379547
984557239
576094327
371807101
823846277
0
211440505
0
636195303
628976112
336334047
965087047
142051572
238247814
0
201105917
910863123
429259500
854294961
0
366026837
0
177395982
617777538
248569573
539777065
459027340
249517817
800024468
0
234830876
404507955
43521326
0
63102853
111860601
303513108
918070339
0
174457377
679245460
610242918
943606972
844667294
998970138
368634610
174517468
0
0
85735235
580094956
0
0
181975364
568233433
812613536
0
120311287
325913021
403305481
18857518
232280045
0
0
579497065
351862726
53572681
679077861
670778283
357789876
348633076
615148330
0
667658665
847801044
575481221
590970501
869785799
536071509
864830041
247922690
0
68813208
663999747
901912277
572802343
0
972174532
616685304
672804702
314790599
646492652
239384712
182844797
800359625
0
506175996
0
205810724
821796876
876915811
681088125
798340846
0
0
748062405
0
612941917
870999474
220209236
421407732
103776330
374815975
899072633
631805010
58088832
0
82270456
568397063
6385655
44987890
181975364
94692779
806867555
895530625
921151780
15206239
193495272
319421929
708974982
340841512
99263599
459346617
531336620
965726620
974742858
0
0
848183938
38567110
817702785
679725945
634384394
9266522
972834620
682814766
271396805
565049901
482175448
142603195
928219641
446034694
628228800
233539582
474166301
581896457
100576245
675600782
306977554
512255459
0
547786756
0
972543864
614977812
521816236
0
259019030
860850152
967192760
556682577
56489481
949377089
976309197
546088459
942695916
0
987217174
644548263
506911954
0
943606972
829538048
883358028
654113235
23734546
110614014
0
222873612
357173803
495463419
268590574
0
45695525
721518690
656576743
142926924
781926891
926022207
844448721
657458845
213687787
853709135
270622995
0
0
0
196189478
476833086
139274490
0
0
295705579
475854649
533456907
708974982
726349952
285871768
0
0
558793811
700557541
986310380
589690191
442537579
488746059
752959129
562068653
862633767
504130050
17863781
170329522
595761501
893010904
762698283
833339292
309642770
664611469
214176167
945830856
907863275
138393285
819396975
288114867
118081492
612155949
44043489
180507251
0
51702558
0
116128682
817702785
913148552
523324471
846226977
753587522
537855953
110614014
669492926
38374983
79497302
0
292807907
746016021
0
131594779
754290157
516719042
0
275179172
45850923
871275513
707611812
361431269
612384915
863277404
363915566
844314342
357493906
365280911
628626455
602181482
568252051
0
0
986310380
900811003
538427802
353031442
0
0
239384712
346239128
983067132
16996793
852259198
0
47172253
478563826
86145699
217080990
657024950
250213902
13403624
843181141
0
234664873
497012771
133071757
195528918
619607135
310165688
589690191
501628560
0
0
252250042
0
0
488998026
361800207
591285374
484652239
978635463
204774102
0
696325522
837016120
159662742
718732113
0
500184489
785463050
512376762
0
383293143
502738357
446577961
207853840
557740214
228013434
0
0
409511513
405672295
739185128
820351604
853257146
37795240
429144449
0
605448548
448759999
59365531
41374070
454045616
447869309
666522256
718483503
8962114
95764801
308534973
794905514
468217927
957598704
486293287
498068138
587060120
251536547
624325154
0
951732440
429450887
0
662192315
113033709
454888471
83814514
60410001
235399535
117803907
267793033
540902400
71839950
952393540
45103164
593248689
412527996
817375321
288490519
732135680
90464955
91947227
423801348
82270456
345132470
110734552
309412231
873027771
856414935
0
28652852
948179849
403305481
568696543
479833296
997989750
657024950
0
849194891
304870526
0
295091008
403413993
17872451
281587231
4094320
23422816
265251556
180663633
651830717
373142260
106480426
406800110
172912064
864639662
842015214
232043687
163733181
220953258
753362151
365280911
257680271
339954351
800708164
665278024
801229508
659523201
813913976
909945547
491426628
253045958
0
338460305
366576555
145779645
637103235
810714237
143989299
881017238
587539068
488702892
972543864
0
232656804
451681174
851063473
791259669
60410001
998789127
969164346
362703238
932760298
309219403
0
828202205
856466512
0
678095601
335598147
2555719
0
506882144
513955980
460417842
139358357
887703646
868105243
422412682
896880937
513514480
232953371
490425768
506627617
896051123
376334365
919700562
890058877
0
0
0
0
529338751
60595108
657412033
528040895
527450365
327490449
917048975
688846927
951732440
902694855
928724490
316287247
835937401
256927499
0
16051237
529905239
301284694
266742842
521816236
0
280424461
838571144
0
909161039
424435915
598696927
841483580
459919308
188296293
943606972
968828717
584983459
762361504
0
881422327
386261150
745809261
102606050
216236409
376788524
0
353569617
832846130
864980843
634384394
377357185
244689069
365159503
324065518
835387801
210552889
861043354
689246841
250577705
681975887
345402729
0
721772545
140778748
805854025
266742842
0
462625699
973400660
139013543
154555439
0
0
565049901
100549587
789156185
521250649
732120712
25786123
16963931
222741251
929527568
729681950
343909961
524348821
936852611
750541265
58592667
0
230803880
126153229
0
602181482
104470109
799777942
559617859
206694123
137172667
306003562
932915046
128566360
675174749
327165211
39516464
131742169
521658520
293850901
15077481
338879642
0
883968356
523936659
543042392
228574501
0
756853281
0
273111247
282998865
86144941
145779645
394971192
628795031
181986340
0
211440505
46153366
678738010
169275523
12243320
866996997
687458091
493561401
760733549
371920710
0
800890408
637485899
638717898
247214538
386261150
424435915
818854866
0
265402917
109688951
213763178
717088652
707451564
576528758
221853550
